535 3.72877e-07
536 1.13355e-05
537 4.5491e-06
538 2.92336e-05
539 7.47992e-05
540 0.000110521
541 0.000112833
542 0.000159219
543 0.000203889
544 0.000326864
545 0.00042769
546 0.000592726
547 0.000671105
548 0.000779836
549 0.00101848
550 0.00111446
551 0.00164193
552 0.0022345
553 0.00237187
554 0.00284804
555 0.00368738
556 0.0042285
557 0.00478543
558 0.00565461
559 0.00710727
560 0.00843717
561 0.00978378
562 0.0116102
563 0.0134641
564 0.01577
565 0.017231
566 0.0193936
567 0.0222219
568 0.0255346
569 0.0293534
570 0.0326702
571 0.0368668
572 0.0403238
573 0.0431584
574 0.0480514
575 0.0527609
576 0.0574438
577 0.0613466
578 0.0638439
579 0.0681791
580 0.0720104
581 0.0735839
582 0.0749099
583 0.0773835
584 0.0787348
585 0.0801645
586 0.0795305
587 0.0787275
588 0.0772658
589 0.0725569
590 0.0686355
591 0.0641602
592 0.0592141
593 0.0531165
594 0.0469605
595 0.0410278
596 0.0350177
597 0.0304
598 0.026077
599 0.0218713
600 0.0171899
601 0.0136754
602 0.0108211
603 0.00831949
604 0.0064117
605 0.00446864
606 0.00327468
607 0.00227709
608 0.00166415
609 0.0012378
610 0.000755375
611 0.000386152
612 0.000200384
613 0.000103287
614 8.19584e-05
615 8.08398e-05
616 2.85624e-05
617 3.29624e-05
