#N	diff_deviation_potential
              0	        1226.93
              1	        1214.18
              2	        1201.59
              3	        1189.15
              4	        1176.87
              5	        1164.75
              6	        1152.78
              7	        1140.97
              8	        1129.32
              9	        1117.83
             10	        1106.49
             11	         1095.3
             12	        1084.28
             13	        1073.41
             14	         1062.7
             15	        1052.14
             16	        1041.74
             17	         1031.5
             18	        1021.41
             19	        1011.49
             20	        1001.71
             21	        992.099
             22	         982.64
             23	        973.339
             24	        964.194
             25	        955.205
             26	        946.374
             27	        937.699
             28	        929.099
             29	        920.567
             30	          912.1
             31	        903.699
             32	        895.365
             33	        887.097
             34	        878.895
             35	        870.759
             36	         862.69
             37	        854.687
             38	         846.75
             39	        838.879
             40	        831.075
             41	        823.336
             42	        815.664
             43	        808.058
             44	        800.519
             45	        793.045
             46	        785.638
             47	        778.297
             48	        771.022
             49	        763.814
             50	        756.672
             51	        749.594
             52	        742.569
             53	        735.596
             54	        728.677
             55	        721.809
             56	        714.995
             57	        708.233
             58	        701.524
             59	        694.868
             60	        688.264
             61	        681.713
             62	        675.215
             63	        668.769
             64	        662.376
             65	        656.036
             66	        649.748
             67	        643.513
             68	        637.331
             69	        631.202
             70	        625.125
             71	          619.1
             72	        613.129
             73	         607.21
             74	        601.344
             75	         595.53
             76	        589.769
             77	        584.061
             78	        578.406
             79	        572.794
             80	        567.223
             81	         561.69
             82	        556.196
             83	        550.742
             84	        545.327
             85	        539.952
             86	        534.615
             87	        529.318
             88	        524.061
             89	        518.842
             90	        513.663
             91	        508.523
             92	        503.422
             93	        498.361
             94	        493.338
             95	        488.355
             96	        483.412
             97	        478.507
             98	        473.642
             99	        468.816
            100	         464.03
            101	        459.282
            102	        454.572
            103	        449.893
            104	        445.247
            105	        440.633
            106	        436.051
            107	        431.501
            108	        426.984
            109	        422.499
            110	        418.046
            111	        413.625
            112	        409.237
            113	         404.88
            114	        400.557
            115	        396.265
            116	        392.005
            117	        387.778
            118	        383.583
            119	         379.42
            120	         375.29
            121	        371.192
            122	        367.126
            123	        363.092
            124	         359.09
            125	        355.121
            126	        351.187
            127	        347.294
            128	        343.443
            129	        339.633
            130	        335.864
            131	        332.137
            132	        328.452
            133	        324.808
            134	        321.205
            135	        317.644
            136	        314.124
            137	        310.646
            138	        307.209
            139	        303.814
            140	         300.46
            141	        297.147
            142	        293.876
            143	        290.647
            144	        287.458
            145	        284.312
            146	        281.207
            147	        278.143
            148	         275.12
            149	         272.14
            150	          269.2
            151	        266.302
            152	        263.446
            153	        260.625
            154	        257.837
            155	        255.082
            156	         252.36
            157	        249.671
            158	        247.015
            159	        244.392
            160	        241.803
            161	        239.246
            162	        236.723
            163	        234.232
            164	        231.775
            165	         229.35
            166	        226.959
            167	        224.601
            168	        222.276
            169	        219.984
            170	        217.724
            171	        215.498
            172	        213.305
            173	        211.146
            174	        209.019
            175	        206.923
            176	        204.845
            177	        202.783
            178	        200.738
            179	         198.71
            180	        196.699
            181	        194.704
            182	        192.727
            183	        190.766
            184	        188.822
            185	        186.895
            186	        184.984
            187	        183.091
            188	        181.214
            189	        179.354
            190	        177.511
            191	        175.685
            192	        173.875
            193	        172.083
            194	        170.307
            195	        168.548
            196	        166.805
            197	         165.08
            198	        163.371
            199	         161.68
            200	        160.002
            201	        158.334
            202	        156.676
            203	        155.028
            204	        153.389
            205	         151.76
            206	        150.141
            207	        148.531
            208	        146.932
            209	        145.342
            210	        143.761
            211	        142.191
            212	         140.63
            213	        139.079
            214	        137.537
            215	        136.006
            216	        134.484
            217	        132.971
            218	        131.469
            219	        129.976
            220	        128.493
            221	         127.02
            222	        125.556
            223	        124.102
            224	        122.658
            225	        121.224
            226	        119.799
            227	        118.381
            228	        116.971
            229	        115.569
            230	        114.174
            231	        112.786
            232	        111.406
            233	        110.033
            234	        108.668
            235	        107.311
            236	         105.96
            237	        104.618
            238	        103.282
            239	        101.955
            240	        100.634
            241	        99.3213
            242	        98.0159
            243	         96.718
            244	        95.4275
            245	        94.1445
            246	         92.869
            247	        91.6009
            248	        90.3403
            249	        89.0872
            250	        87.8416
            251	        86.6034
            252	        85.3727
            253	        84.1493
            254	        82.9332
            255	        81.7245
            256	        80.5231
            257	         79.329
            258	        78.1423
            259	        76.9629
            260	        75.7908
            261	        74.6261
            262	        73.4687
            263	        72.3186
            264	        71.1758
            265	        70.0404
            266	        68.9123
            267	        67.7915
            268	        66.6781
            269	         65.572
            270	        64.4732
            271	        63.3817
            272	        62.2976
            273	        61.2208
            274	        60.1514
            275	        59.0892
            276	        58.0344
            277	        56.9879
            278	        55.9504
            279	         54.922
            280	        53.9025
            281	        52.8921
            282	        51.8906
            283	        50.8982
            284	        49.9148
            285	        48.9404
            286	        47.9751
            287	        47.0187
            288	        46.0714
            289	        45.1331
            290	        44.2038
            291	        43.2835
            292	        42.3723
            293	          41.47
            294	        40.5768
            295	        39.6926
            296	        38.8174
            297	        37.9512
            298	         37.094
            299	        36.2459
            300	        35.4067
            301	        34.5766
            302	        33.7561
            303	        32.9466
            304	        32.1482
            305	         31.361
            306	        30.5848
            307	        29.8198
            308	        29.0658
            309	         28.323
            310	        27.5912
            311	        26.8706
            312	         26.161
            313	        25.4626
            314	        24.7752
            315	         24.099
            316	        23.4338
            317	        22.7798
            318	        22.1368
            319	         21.505
            320	        20.8842
            321	        20.2745
            322	         19.676
            323	        19.0885
            324	        18.5122
            325	        17.9467
            326	        17.3912
            327	        16.8458
            328	        16.3104
            329	        15.7851
            330	        15.2698
            331	        14.7645
            332	        14.2693
            333	        13.7841
            334	         13.309
            335	        12.8439
            336	        12.3889
            337	        11.9438
            338	        11.5089
            339	        11.0839
            340	        10.6691
            341	        10.2642
            342	         9.8694
            343	        9.48463
            344	         9.1099
            345	        8.74521
            346	        8.39057
            347	        8.04596
            348	         7.7114
            349	        7.38687
            350	        7.07193
            351	        6.76445
            352	        6.46445
            353	        6.17192
            354	        5.88686
            355	        5.60927
            356	        5.33916
            357	        5.07651
            358	        4.82134
            359	        4.57364
            360	        4.33341
            361	        4.10066
            362	        3.87537
            363	        3.65756
            364	        3.44721
            365	        3.24434
            366	        3.04895
            367	        2.86102
            368	        2.68056
            369	        2.50758
            370	        2.34207
            371	        2.18403
            372	        2.03346
            373	        1.89036
            374	        1.75474
            375	        1.62579
            376	          1.502
            377	        1.38337
            378	         1.2699
            379	        1.16159
            380	        1.05843
            381	       0.960438
            382	       0.867604
            383	       0.779928
            384	       0.697411
            385	       0.620054
            386	       0.547856
            387	       0.480816
            388	       0.418936
            389	       0.362215
            390	       0.310654
            391	       0.264251
            392	       0.223008
            393	       0.186923
            394	       0.155998
            395	       0.130232
            396	       0.109625
            397	      0.0941774
            398	      0.0838887
            399	      0.0787592
            400	      0.0785425
            401	       0.081797
            402	      0.0885229
            403	      0.0987201
            404	       0.112389
            405	       0.129528
            406	        0.15014
            407	       0.174222
            408	       0.201776
            409	       0.232801
            410	       0.267297
            411	       0.305265
            412	       0.346704
            413	       0.391615
            414	       0.439996
            415	       0.491849
            416	       0.547174
            417	       0.605969
            418	       0.668236
            419	       0.733975
            420	       0.803184
            421	       0.875865
            422	       0.952018
            423	        1.03164
            424	        1.11474
            425	        1.20075
            426	        1.28911
            427	        1.37982
            428	        1.47287
            429	        1.56828
            430	        1.66603
            431	        1.76613
            432	        1.86857
            433	        1.97337
            434	        2.08051
            435	           2.19
            436	        2.30184
            437	        2.41603
            438	        2.53256
            439	        2.65144
            440	        2.77267
            441	        2.89625
            442	        3.02218
            443	        3.15045
            444	        3.28107
            445	        3.41404
            446	        3.54936
            447	        3.68702
            448	        3.82703
            449	        3.96939
            450	         4.1141
            451	        4.26121
            452	        4.41074
            453	        4.56269
            454	        4.71705
            455	        4.87383
            456	        5.03303
            457	        5.19465
            458	        5.35868
            459	        5.52514
            460	        5.69401
            461	        5.86529
            462	          6.039
            463	        6.21512
            464	        6.39366
            465	        6.57462
            466	        6.75799
            467	        6.94378
            468	        7.13199
            469	        7.32262
            470	        7.51566
            471	        7.71112
            472	          7.909
            473	        8.10868
            474	        8.30933
            475	        8.51094
            476	        8.71352
            477	        8.91707
            478	        9.12158
            479	        9.32706
            480	        9.53351
            481	        9.74093
            482	        9.94931
            483	        10.1587
            484	         10.369
            485	        10.5803
            486	        10.7925
            487	        11.0057
            488	        11.2199
            489	        11.4351
            490	        11.6512
            491	        11.8683
            492	        12.0863
            493	        12.3054
            494	        12.5253
            495	        12.7463
            496	        12.9682
            497	        13.1913
            498	        13.4155
            499	        13.6408
            500	        13.8673
            501	        14.0949
            502	        14.3236
            503	        14.5535
            504	        14.7845
            505	        15.0163
            506	        15.2485
            507	        15.4812
            508	        15.7143
            509	         15.948
            510	        16.1821
            511	        16.4167
            512	        16.6518
            513	        16.8874
            514	        17.1234
            515	        17.3594
            516	        17.5953
            517	        17.8311
            518	        18.0667
            519	        18.3023
            520	        18.5378
            521	        18.7732
            522	        19.0084
            523	        19.2436
            524	        19.4787
            525	        19.7128
            526	        19.9459
            527	        20.1778
            528	        20.4085
            529	        20.6382
            530	        20.8667
            531	        21.0941
            532	        21.3204
            533	        21.5455
            534	        21.7696
            535	        21.9925
            536	        22.2133
            537	         22.432
            538	        22.6484
            539	        22.8625
            540	        23.0744
            541	         23.284
            542	        23.4914
            543	        23.6965
            544	        23.8994
            545	        24.1001
            546	        24.2985
            547	        24.4946
            548	         24.686
            549	        24.8717
            550	        25.0517
            551	        25.2261
            552	        25.3947
            553	        25.5577
            554	         25.715
            555	        25.8666
            556	        26.0125
            557	        26.1527
            558	        26.2873
            559	        26.4161
            560	        26.5393
            561	        26.6568
            562	        26.7686
            563	        26.8747
            564	        26.9749
            565	        27.0676
            566	        27.1528
            567	        27.2305
            568	        27.3007
            569	        27.3634
            570	        27.4186
            571	        27.4662
            572	        27.5064
            573	        27.5391
            574	        27.5642
            575	        27.5819
            576	         27.592
            577	        27.5947
            578	        27.5898
            579	        27.5774
            580	        27.5575
            581	        27.5302
            582	        27.4953
            583	        27.4531
            584	         27.404
            585	        27.3479
            586	        27.2849
            587	        27.2148
            588	        27.1379
            589	        27.0539
            590	         26.963
            591	        26.8651
            592	        26.7603
            593	        26.6485
            594	        26.5298
            595	         26.404
            596	        26.2713
            597	        26.1317
            598	        25.9851
            599	        25.8305
            600	        25.6651
            601	         25.489
            602	        25.3022
            603	        25.1047
            604	        24.8965
            605	        24.6775
            606	        24.4477
            607	        24.2073
            608	        23.9561
            609	        23.6942
            610	        23.4216
            611	        23.1382
            612	        22.8441
            613	        22.5393
            614	        22.2237
            615	        21.8974
            616	        21.5604
            617	        21.2127
            618	        20.8542
            619	        20.4851
            620	        20.1057
            621	        19.7159
            622	        19.3158
            623	        18.9053
            624	        18.4844
            625	        18.0532
            626	        17.6116
            627	        17.1597
            628	        16.6974
            629	        16.2247
            630	        15.7417
            631	        15.2483
            632	        14.7445
            633	        14.2304
            634	        13.7059
            635	        13.1711
            636	        12.6347
            637	        12.0983
            638	         11.562
            639	        11.0257
            640	        10.4895
            641	        9.95341
            642	        9.41735
            643	        8.88135
            644	        8.34541
            645	        7.80953
            646	        7.29048
            647	        6.79155
            648	        6.31275
            649	        5.85408
            650	        5.41554
            651	        4.99681
            652	        4.59427
            653	        4.20793
            654	        3.83777
            655	        3.48381
            656	        3.14605
            657	        2.82441
            658	        2.51784
            659	        2.22633
            660	        1.94989
            661	        1.68851
            662	        1.44219
            663	        1.21199
            664	        1.01069
            665	       0.838282
            666	        0.69477
            667	       0.580155
            668	        0.47448
            669	       0.377084
            670	       0.287969
            671	       0.207133
            672	       0.134577
            673	      0.0703006
            674	      0.0157677
            675	              0
            676	      0.0229976
            677	      0.0845433
            678	       0.157696
            679	       0.242455
            680	       0.338822
            681	       0.446795
            682	       0.566375
            683	       0.703166
            684	       0.871227
            685	        1.07056
            686	        1.30116
            687	        1.56303
            688	        1.85618
            689	        2.18059
            690	        2.53627
            691	        2.92323
            692	         3.3466
            693	        3.80898
            694	        4.31037
            695	        4.85077
            696	        5.43017
            697	        6.04857
            698	        6.70447
            699	        7.39565
            700	        8.12211
            701	        8.88386
            702	         9.6809
            703	        10.5132
            704	        11.3808
            705	        12.2837
            706	        13.2219
            707	        14.1953
            708	        15.2041
            709	        16.2481
            710	        17.3274
            711	        18.4485
            712	        19.6143
            713	        20.8249
            714	        22.0803
            715	        23.3804
            716	        24.7253
            717	         26.115
            718	        27.5343
            719	        28.9801
            720	        30.4523
            721	          32.02
