#Npore	fugacity[kPa]	chempot[K]
        1.5288	    6.1924e-05	       -2068.3
        1.9308	     7.243e-05	       -2054.6
        2.4379	     8.472e-05	       -2040.9
        3.0615	    9.9095e-05	       -2027.3
        3.8015	    0.00011591	       -2013.6
        4.6427	    0.00013558	       -1999.9
        5.5587	    0.00015858	       -1986.2
        6.5208	    0.00018549	       -1972.5
        7.5063	    0.00021696	       -1958.8
        8.5016	    0.00025377	       -1945.2
        9.5004	    0.00029683	       -1931.5
          10.5	    0.00034719	       -1917.8
          11.5	     0.0004061	       -1904.1
          12.5	      0.000475	       -1890.4
          13.5	     0.0005556	       -1876.7
          14.5	    0.00064987	       -1863.1
          15.5	    0.00076014	       -1849.4
          16.5	    0.00088911	       -1835.7
          17.5	       0.00104	         -1822
          18.5	     0.0012164	       -1808.3
        19.501	     0.0014228	       -1794.7
        20.504	     0.0016642	         -1781
        21.513	     0.0019466	       -1767.3
        22.539	     0.0022769	       -1753.6
        23.604	     0.0026632	       -1739.9
        24.745	     0.0031151	       -1726.2
        26.023	     0.0036437	       -1712.6
         27.51	     0.0042619	       -1698.9
        28.324	     0.0045972	       -1692.3
        29.089	     0.0049119	       -1686.5
        29.904	     0.0052482	       -1680.7
        30.764	     0.0056075	       -1674.9
        31.665	     0.0059914	       -1669.1
        32.597	     0.0064016	       -1663.4
        33.554	     0.0068399	       -1657.6
        34.529	     0.0073082	       -1651.8
        35.514	     0.0078086	         -1646
        36.507	     0.0083432	       -1640.2
        37.503	     0.0089144	       -1634.5
        38.501	     0.0095247	       -1628.7
        39.501	      0.010177	       -1622.9
        40.502	      0.010874	       -1617.1
        41.503	      0.011618	       -1611.3
        42.507	      0.012413	       -1605.6
        43.513	      0.013263	       -1599.8
        44.524	      0.014171	         -1594
        45.543	      0.015142	       -1588.2
        46.574	      0.016178	       -1582.4
        47.619	      0.017286	       -1576.6
        48.685	      0.018469	       -1570.9
        49.774	      0.019734	       -1565.1
        50.861	      0.021049	       -1559.5
        51.769	      0.022187	       -1554.9
        52.693	      0.023387	       -1550.3
        53.634	      0.024652	       -1545.7
         54.59	      0.025986	       -1541.1
        55.558	      0.027391	       -1536.5
        56.536	      0.028873	       -1531.9
        57.521	      0.030435	       -1527.3
        58.512	      0.032081	       -1522.7
        59.507	      0.033816	       -1518.1
        60.503	      0.035645	       -1513.5
        61.502	      0.037573	       -1508.9
        62.501	      0.039606	       -1504.3
        63.501	      0.041748	       -1499.7
        64.501	      0.044006	       -1495.1
        65.501	      0.046386	       -1490.5
        66.502	      0.048895	       -1485.9
        67.503	       0.05154	       -1481.3
        68.507	      0.054328	       -1476.7
        69.513	      0.057266	       -1472.1
        70.523	      0.060364	       -1467.5
         71.54	      0.063629	       -1462.9
        72.566	      0.067071	       -1458.3
        73.606	      0.070699	       -1453.7
        74.663	      0.074523	       -1449.1
        75.744	      0.078554	       -1444.5
        76.851	      0.082803	       -1439.9
         77.99	      0.087281	       -1435.3
        78.972	      0.091232	       -1431.4
        79.863	      0.094886	         -1428
        80.773	      0.098686	       -1424.6
          81.7	       0.10264	       -1421.1
        82.643	       0.10675	       -1417.7
        83.599	       0.11102	       -1414.3
        84.567	       0.11547	       -1410.9
        85.544	        0.1201	       -1407.4
        86.528	       0.12491	         -1404
        87.518	       0.12991	       -1400.6
        88.512	       0.13511	       -1397.1
        89.509	       0.14052	       -1393.7
        90.509	       0.14615	       -1390.3
        91.512	         0.152	       -1386.9
        92.518	       0.15809	       -1383.4
        93.529	       0.16442	         -1380
        94.544	       0.17101	       -1376.6
        95.567	       0.17786	       -1373.1
        96.598	       0.18498	       -1369.7
        97.641	       0.19239	       -1366.3
        98.697	       0.20009	       -1362.9
        99.768	       0.20811	       -1359.4
        100.86	       0.21644	         -1356
        101.88	       0.22448	       -1352.8
         102.8	       0.23184	         -1350
        103.73	       0.23943	       -1347.2
        104.68	       0.24728	       -1344.4
        105.63	       0.25538	       -1341.6
         106.6	       0.26375	       -1338.7
        107.57	       0.27239	       -1335.9
        108.55	       0.28132	       -1333.1
        109.53	       0.29054	       -1330.3
        110.52	       0.30006	       -1327.5
        111.51	       0.30989	       -1324.7
         112.5	       0.32004	       -1321.9
         113.5	       0.33053	         -1319
        114.49	       0.34136	       -1316.2
        115.48	       0.35255	       -1313.4
        116.46	        0.3641	       -1310.6
        117.45	       0.37603	       -1307.8
        118.42	       0.38835	         -1305
        119.39	       0.40107	       -1302.2
        120.35	       0.41422	       -1299.3
        121.29	       0.42779	       -1296.5
        122.23	       0.44181	       -1293.7
        123.15	       0.45628	       -1290.9
        124.05	       0.47123	       -1288.1
        125.02	       0.48803	         -1285
        126.14	       0.50868	       -1281.4
        127.24	       0.53021	       -1277.8
        128.31	       0.55265	       -1274.2
        129.37	       0.57604	       -1270.5
        130.41	       0.60042	       -1266.9
        131.44	       0.62583	       -1263.3
        132.46	       0.65232	       -1259.7
        133.48	       0.67992	       -1256.1
        134.49	        0.7087	       -1252.5
        135.49	       0.73869	       -1248.8
         136.5	       0.76996	       -1245.2
         137.5	       0.80254	       -1241.6
         138.5	       0.83651	         -1238
         139.5	       0.87191	       -1234.4
         140.5	       0.90881	       -1230.7
        141.51	       0.94727	       -1227.1
        142.51	       0.98736	       -1223.5
        143.52	        1.0291	       -1219.9
        144.53	        1.0727	       -1216.3
        145.55	        1.1181	       -1212.7
        146.58	        1.1654	         -1209
        147.62	        1.2147	       -1205.4
        148.67	        1.2662	       -1201.8
        149.74	        1.3197	       -1198.2
        150.83	        1.3756	       -1194.6
        151.93	        1.4338	       -1190.9
         152.9	        1.4856	       -1187.8
        153.81	        1.5355	         -1185
        154.74	        1.5872	       -1182.1
        155.68	        1.6405	       -1179.2
        156.63	        1.6956	       -1176.3
         157.6	        1.7526	       -1173.4
        158.57	        1.8115	       -1170.5
        159.55	        1.8724	       -1167.6
        160.54	        1.9353	       -1164.8
        161.53	        2.0004	       -1161.9
        162.53	        2.0676	         -1159
        163.54	        2.1371	       -1156.1
        164.55	        2.2089	       -1153.2
        165.58	        2.2832	       -1150.3
        166.62	        2.3599	       -1147.4
        167.68	        2.4392	       -1144.6
        168.76	        2.5212	       -1141.7
        169.88	         2.606	       -1138.8
        171.04	        2.6935	       -1135.9
        172.25	        2.7841	         -1133
        173.53	        2.8776	       -1130.1
        174.88	        2.9743	       -1127.2
        176.24	        3.0696	       -1124.5
        176.99	        3.1216	         -1123
        177.77	        3.1746	       -1121.5
        178.58	        3.2284	       -1120.1
         179.4	        3.2831	       -1118.6
        180.25	        3.3388	       -1117.1
        181.11	        3.3954	       -1115.7
           182	         3.453	       -1114.2
        182.91	        3.5115	       -1112.7
        183.83	        3.5711	       -1111.3
        184.78	        3.6316	       -1109.8
        185.74	        3.6932	       -1108.3
        186.72	        3.7558	       -1106.9
        187.72	        3.8195	       -1105.4
        188.73	        3.8843	       -1103.9
        189.76	        3.9501	       -1102.5
        190.81	        4.0171	         -1101
        191.88	        4.0852	       -1099.5
        192.98	        4.1545	       -1098.1
         194.1	        4.2249	       -1096.6
        195.26	        4.2966	       -1095.1
        196.44	        4.3694	       -1093.7
        197.66	        4.4435	       -1092.2
        198.92	        4.5189	       -1090.7
        200.23	        4.5955	       -1089.3
        201.37	        4.6615	         -1088
        202.16	         4.707	       -1087.2
        202.97	         4.753	       -1086.3
         203.8	        4.7994	       -1085.5
        204.64	        4.8463	       -1084.6
         205.5	        4.8937	       -1083.8
        206.37	        4.9415	       -1082.9
        207.25	        4.9898	       -1082.1
        208.16	        5.0386	       -1081.2
        209.07	        5.0878	       -1080.4
           210	        5.1375	       -1079.5
        210.95	        5.1877	       -1078.7
         211.9	        5.2384	       -1077.8
        212.88	        5.2896	         -1077
        213.86	        5.3413	       -1076.1
        214.86	        5.3935	       -1075.3
        215.86	        5.4462	       -1074.4
        216.89	        5.4994	       -1073.6
        217.92	        5.5531	       -1072.7
        218.97	        5.6074	       -1071.9
        220.03	        5.6622	         -1071
         221.1	        5.7175	       -1070.2
        222.18	        5.7734	       -1069.3
        223.28	        5.8298	       -1068.5
         224.4	        5.8867	       -1067.6
        225.52	        5.9443	       -1066.8
        226.64	        6.0012	         -1066
        227.52	        6.0462	       -1065.3
        228.42	        6.0915	       -1064.7
        229.32	        6.1372	         -1064
        230.23	        6.1832	       -1063.3
        231.14	        6.2295	       -1062.7
        232.07	        6.2763	         -1062
           233	        6.3233	       -1061.4
        233.93	        6.3707	       -1060.7
        234.88	        6.4185	       -1060.1
        235.83	        6.4666	       -1059.4
        236.78	        6.5151	       -1058.8
        237.74	        6.5639	       -1058.1
        238.71	        6.6132	       -1057.5
        239.68	        6.6627	       -1056.8
        240.66	        6.7127	       -1056.2
        241.64	         6.763	       -1055.5
        242.62	        6.8137	       -1054.9
        243.61	        6.8648	       -1054.2
         244.6	        6.9163	       -1053.6
        245.59	        6.9681	       -1052.9
        246.59	        7.0204	       -1052.3
        247.58	         7.073	       -1051.6
        248.58	        7.1261	         -1051
        249.58	        7.1795	       -1050.3
        250.58	        7.2333	       -1049.7
        251.58	        7.2875	         -1049
        252.57	        7.3411	       -1048.4
        253.55	        7.3951	       -1047.7
        254.54	        7.4495	       -1047.1
        255.52	        7.5043	       -1046.4
         256.5	        7.5595	       -1045.8
        257.48	        7.6151	       -1045.2
        258.47	        7.6711	       -1044.5
        259.44	        7.7276	       -1043.9
        260.42	        7.7844	       -1043.2
         261.4	        7.8417	       -1042.6
        262.37	        7.8994	         -1042
        263.34	        7.9575	       -1041.3
        264.31	         8.016	       -1040.7
        265.27	         8.075	         -1040
        266.23	        8.1344	       -1039.4
        267.18	        8.1943	       -1038.8
        268.13	        8.2546	       -1038.1
        269.07	        8.3153	       -1037.5
        270.01	        8.3765	       -1036.8
        270.95	        8.4381	       -1036.2
        271.87	        8.5002	       -1035.6
         272.8	        8.5627	       -1034.9
        273.71	        8.6257	       -1034.3
        274.62	        8.6891	       -1033.6
        275.64	        8.7615	       -1032.9
        276.74	        8.8408	       -1032.1
        277.83	        8.9209	       -1031.3
        278.92	        9.0017	       -1030.6
        279.99	        9.0832	       -1029.8
        281.05	        9.1655	         -1029
        282.11	        9.2485	       -1028.2
        283.15	        9.3323	       -1027.4
        284.19	        9.4168	       -1026.6
        285.22	        9.5021	       -1025.8
        286.24	        9.5881	       -1025.1
        287.25	         9.675	       -1024.3
        288.26	        9.7626	       -1023.5
        289.25	         9.851	       -1022.7
        290.24	        9.9403	       -1021.9
        291.23	         10.03	       -1021.1
         292.2	        10.121	       -1020.3
        293.17	        10.213	       -1019.5
        294.13	        10.305	       -1018.8
        295.08	        10.399	         -1018
        296.03	        10.493	       -1017.2
        296.96	        10.588	       -1016.4
        297.89	        10.684	       -1015.6
        298.82	        10.781	       -1014.8
        299.73	        10.878	         -1014
         300.7	        10.983	       -1013.2
        301.81	        11.105	       -1012.2
         302.9	        11.229	       -1011.3
        303.99	        11.355	       -1010.3
        305.07	        11.481	       -1009.3
        306.14	        11.609	       -1008.4
        307.21	        11.739	       -1007.4
        308.26	         11.87	       -1006.4
        309.31	        12.003	       -1005.4
        310.36	        12.137	       -1004.5
         311.4	        12.272	       -1003.5
        312.44	        12.409	       -1002.5
        313.47	        12.547	       -1001.6
         314.5	        12.688	       -1000.6
        315.54	        12.829	       -999.63
        316.57	        12.972	       -998.66
         317.6	        13.117	       -997.69
        318.63	        13.264	       -996.72
        319.67	        13.412	       -995.75
        320.71	        13.561	       -994.79
        321.75	        13.713	       -993.82
         322.8	        13.866	       -992.85
        323.85	        14.021	       -991.88
        324.88	        14.173	       -990.93
        325.84	        14.317	       -990.05
         326.8	        14.461	       -989.18
        327.77	        14.607	        -988.3
        328.74	        14.754	       -987.42
        329.71	        14.903	       -986.55
        330.69	        15.054	       -985.67
        331.68	        15.206	        -984.8
        332.67	        15.359	       -983.92
        333.66	        15.514	       -983.04
        334.67	         15.67	       -982.17
        335.67	        15.829	       -981.29
        336.69	        15.988	       -980.41
        337.71	         16.15	       -979.54
        338.74	        16.313	       -978.66
        339.78	        16.477	       -977.78
        340.83	        16.644	       -976.91
        341.89	        16.812	       -976.03
        342.96	        16.981	       -975.15
        344.04	        17.153	       -974.28
        345.13	        17.326	        -973.4
        346.24	          17.5	       -972.52
        347.36	        17.677	       -971.65
         348.5	        17.855	       -970.77
        349.65	        18.036	       -969.89
        350.77	        18.209	       -969.06
        351.65	        18.346	       -968.41
        352.54	        18.483	       -967.75
        353.44	        18.622	        -967.1
        354.36	        18.762	       -966.45
        355.28	        18.902	        -965.8
        356.21	        19.044	       -965.14
        357.15	        19.187	       -964.49
        358.11	        19.331	       -963.84
        359.08	        19.476	       -963.19
        360.06	        19.622	       -962.53
        361.05	        19.769	       -961.88
        362.05	        19.917	       -961.23
        363.07	        20.067	       -960.58
         364.1	        20.217	       -959.93
        365.15	        20.369	       -959.27
        366.21	        20.522	       -958.62
        367.29	        20.675	       -957.97
        368.38	        20.831	       -957.32
        369.49	        20.987	       -956.66
        370.62	        21.144	       -956.01
        371.76	        21.303	       -955.36
        372.93	        21.462	       -954.71
        374.12	        21.623	       -954.06
        375.32	        21.786	        -953.4
        376.42	        21.932	       -952.82
        377.28	        22.045	       -952.37
        378.15	        22.159	       -951.92
        379.04	        22.274	       -951.47
        379.93	        22.389	       -951.02
        380.84	        22.505	       -950.57
        381.76	        22.621	       -950.12
         382.7	        22.738	       -949.67
        383.64	        22.856	       -949.22
         384.6	        22.974	       -948.77
        385.58	        23.093	       -948.32
        386.57	        23.212	       -947.87
        387.57	        23.332	       -947.42
        388.59	        23.453	       -946.96
        389.62	        23.574	       -946.51
        390.68	        23.696	       -946.06
        391.75	        23.819	       -945.61
        392.84	        23.942	       -945.16
        393.95	        24.066	       -944.71
        395.09	         24.19	       -944.26
        396.32	        24.315	       -943.81
        397.85	        24.441	       -943.36
         400.5	        24.568	       -942.91
        407.55	        24.695	       -942.46
         430.2	        24.822	       -942.01
        487.51	        24.945	       -941.58
        549.56	        25.031	       -941.28
        607.04	        25.118	       -940.98
         643.7	        25.206	       -940.67
        661.89	        25.293	       -940.37
        669.86	        25.381	       -940.07
        673.22	         25.47	       -939.76
        674.66	        25.558	       -939.46
        675.34	        25.647	       -939.16
        675.71	        25.736	       -938.85
        675.97	        25.826	       -938.55
        676.17	        25.916	       -938.25
        676.36	        26.006	       -937.95
        676.53	        26.096	       -937.64
        676.71	        26.187	       -937.34
        676.88	        26.278	       -937.04
        677.05	        26.369	       -936.73
        677.22	        26.461	       -936.43
        677.39	        26.553	       -936.13
        677.55	        26.645	       -935.82
        677.72	        26.738	       -935.52
        677.89	        26.831	       -935.22
        678.05	        26.924	       -934.91
        678.22	        27.018	       -934.61
        678.38	        27.112	       -934.31
        678.52	        27.191	       -934.05
        678.63	        27.255	       -933.85
        678.74	        27.319	       -933.64
        678.85	        27.383	       -933.44
        678.96	        27.448	       -933.23
        679.07	        27.512	       -933.03
        679.17	        27.577	       -932.82
        679.28	        27.642	       -932.62
        679.39	        27.707	       -932.41
         679.5	        27.772	       -932.21
         679.6	        27.837	          -932
        679.71	        27.902	        -931.8
        679.82	        27.968	       -931.59
        679.92	        28.034	       -931.39
        680.03	          28.1	       -931.18
        680.13	        28.166	       -930.98
        680.24	        28.232	       -930.77
        680.34	        28.298	       -930.57
        680.45	        28.365	       -930.36
        680.55	        28.431	       -930.16
        680.65	        28.498	       -929.95
        680.76	        28.565	       -929.75
        680.86	        28.632	       -929.54
        680.96	          28.7	       -929.34
        681.06	        28.767	       -929.13
        681.17	        28.835	       -928.93
        681.27	        28.904	       -928.72
        681.37	        28.974	       -928.51
        681.48	        29.044	        -928.3
        681.58	        29.115	       -928.09
        681.68	        29.185	       -927.88
        681.78	        29.256	       -927.66
        681.89	        29.326	       -927.45
        681.99	        29.397	       -927.24
        682.09	        29.469	       -927.03
        682.19	         29.54	       -926.82
        682.29	        29.611	       -926.61
        682.39	        29.683	        -926.4
        682.49	        29.755	       -926.19
        682.59	        29.827	       -925.98
        682.69	        29.899	       -925.77
        682.79	        29.972	       -925.55
        682.89	        30.044	       -925.34
        682.98	        30.117	       -925.13
        683.08	         30.19	       -924.92
        683.18	        30.263	       -924.71
        683.27	        30.336	        -924.5
        683.37	        30.409	       -924.29
        683.44	        30.464	       -924.13
        683.48	        30.494	       -924.05
        683.52	        30.523	       -923.96
        683.56	        30.553	       -923.88
         683.6	        30.582	       -923.79
        683.63	        30.612	       -923.71
        683.67	        30.641	       -923.62
        683.71	        30.671	       -923.54
        683.75	        30.701	       -923.46
        683.79	        30.731	       -923.37
        683.82	         30.76	       -923.29
        683.86	         30.79	        -923.2
         683.9	         30.82	       -923.12
        683.94	         30.85	       -923.03
        683.97	         30.88	       -922.95
        684.01	        30.909	       -922.86
        684.05	        30.939	       -922.78
        684.09	        30.969	        -922.7
        684.12	        30.999	       -922.61
        684.16	        31.029	       -922.53
         684.2	        31.059	       -922.44
        684.24	        31.089	       -922.36
        684.27	        31.119	       -922.27
        684.31	        31.149	       -922.19
        684.35	        31.185	       -922.09
         684.4	         31.22	       -921.99
        684.44	        31.256	       -921.89
        684.48	        31.291	       -921.79
        684.53	        31.327	       -921.69
        684.57	        31.363	       -921.59
        684.61	        31.398	       -921.49
        684.66	        31.434	        -921.4
        684.68	        31.457	       -921.33
         684.7	        31.472	       -921.29
        684.72	        31.487	       -921.25
        684.74	        31.502	       -921.21
        684.76	        31.517	       -921.17
        684.77	        31.532	       -921.12
        684.79	        31.547	       -921.08
        684.81	        31.562	       -921.04
        684.83	        31.577	          -921
        684.85	        31.592	       -920.96
        684.84	        31.591	       -920.96
        684.84	        31.587	       -920.97
        684.84	        31.584	       -920.98
        684.83	        31.581	       -920.99
        684.83	        31.578	          -921
        684.82	        31.574	       -921.01
        684.82	        31.571	       -921.02
        684.82	        31.568	       -921.02
        684.81	        31.565	       -921.03
        684.81	        31.561	       -921.04
        684.77	        31.533	       -921.12
        684.73	        31.497	       -921.22
        684.69	        31.462	       -921.32
        684.65	        31.427	       -921.42
         684.6	        31.391	       -921.51
        684.56	        31.356	       -921.61
        684.52	        31.321	       -921.71
        684.48	        31.285	       -921.81
        684.43	         31.25	       -921.91
        684.39	        31.215	       -922.01
        684.35	         31.18	        -922.1
        684.27	        31.117	       -922.28
        684.18	        31.047	       -922.48
         684.1	        30.977	       -922.67
        684.01	        30.908	       -922.87
        683.92	        30.838	       -923.07
        683.83	        30.769	       -923.26
        683.75	          30.7	       -923.46
        683.66	        30.631	       -923.65
        683.57	        30.562	       -923.85
        683.48	        30.494	       -924.05
        683.39	        30.425	       -924.24
         683.3	        30.357	       -924.44
        683.11	        30.213	       -924.85
        682.88	        30.042	       -925.35
        682.65	        29.871	       -925.85
        682.42	        29.702	       -926.34
        682.18	        29.534	       -926.84
        681.94	        29.366	       -927.34
         681.7	          29.2	       -927.83
        681.46	        29.034	       -928.33
        681.22	         28.87	       -928.82
        680.97	        28.706	       -929.32
        680.72	        28.543	       -929.82
        680.47	        28.381	       -930.31
        680.22	        28.221	       -930.81
        679.97	        28.061	       -931.31
        679.71	        27.902	        -931.8
        679.45	        27.743	        -932.3
        679.18	         27.58	       -932.81
        678.83	        27.373	       -933.47
        678.48	        27.169	       -934.13
        678.13	        26.966	       -934.78
        677.77	        26.764	       -935.44
        677.41	        26.564	       -936.09
        677.04	        26.365	       -936.75
        676.67	        26.168	        -937.4
        676.29	        25.973	       -938.06
        675.84	        25.778	       -938.71
        674.92	        25.586	       -939.37
        670.55	        25.394	       -940.02
         643.3	        25.204	       -940.68
        538.18	        25.016	       -941.33
         432.2	        24.829	       -941.99
        403.74	        24.643	       -942.64
        398.12	        24.459	        -943.3
        395.92	        24.276	       -943.95
        394.21	        24.095	       -944.61
        392.64	         23.92	       -945.24
        391.18	        23.754	       -945.85
        389.75	        23.589	       -946.46
        388.36	        23.425	       -947.07
        386.99	        23.263	       -947.68
        385.65	        23.101	       -948.28
        384.34	        22.941	       -948.89
        383.05	        22.782	        -949.5
        381.78	        22.624	       -950.11
        380.54	        22.467	       -950.71
        379.33	        22.311	       -951.32
        378.13	        22.156	       -951.93
        376.96	        22.002	       -952.54
        375.81	         21.85	       -953.15
        374.67	        21.698	       -953.75
        373.56	        21.547	       -954.36
         372.3	        21.376	       -955.06
        370.64	        21.148	          -956
        369.03	        20.922	       -956.93
        367.45	        20.699	       -957.87
        365.91	        20.478	       -958.81
        364.39	        20.259	       -959.74
        362.91	        20.043	       -960.68
        361.46	        19.829	       -961.62
        360.03	        19.618	       -962.55
        358.63	        19.408	       -963.49
        357.25	        19.201	       -964.43
        355.89	        18.996	       -965.36
        354.56	        18.793	        -966.3
        353.25	        18.593	       -967.24
        351.97	        18.394	       -968.17
         350.7	        18.198	       -969.11
        349.45	        18.004	       -970.05
        348.22	        17.812	       -970.98
        347.01	        17.622	       -971.92
        345.82	        17.434	       -972.86
        344.66	         17.25	       -973.78
        343.53	        17.072	       -974.69
        342.42	        16.896	       -975.59
        341.33	        16.722	        -976.5
        340.24	         16.55	        -977.4
        339.16	        16.379	        -978.3
         338.1	         16.21	       -979.21
        337.04	        16.043	       -980.11
        335.99	        15.878	       -981.02
        334.94	        15.714	       -981.92
        333.91	        15.552	       -982.83
        332.88	        15.392	       -983.73
        331.86	        15.233	       -984.64
        330.84	        15.076	       -985.54
        329.83	        14.921	       -986.45
        328.82	        14.767	       -987.35
        327.82	        14.615	       -988.25
        327.66	        14.592	       -988.39
        327.67	        14.592	       -988.39
        327.68	        14.593	       -988.38
        327.68	        14.594	       -988.38
        327.69	        14.595	       -988.37
        327.69	        14.596	       -988.37
         327.7	        14.597	       -988.36
        327.71	        14.598	       -988.36
        327.71	        14.599	       -988.35
        327.72	          14.6	       -988.34
        329.35	        14.847	       -986.88
        331.31	        15.149	       -985.12
         333.3	        15.457	       -983.36
        335.31	        15.772	        -981.6
        337.35	        16.092	       -979.85
        339.38	        16.414	       -978.12
        341.07	        16.682	        -976.7
        342.79	        16.954	       -975.29
        344.54	        17.231	       -973.88
        346.32	        17.512	       -972.46
        348.14	        17.798	       -971.05
        349.99	        18.088	       -969.64
        351.76	        18.362	       -968.33
        353.57	        18.641	       -967.01
        355.42	        18.924	        -965.7
        357.32	        19.211	       -964.38
        359.26	        19.503	       -963.07
        361.39	         19.82	       -961.66
        365.37	        20.401	       -959.14
        369.58	        20.999	       -956.61
        374.05	        21.614	       -954.09
        378.84	        22.248	       -951.57
         380.4	        22.448	       -950.79
        381.87	        22.635	       -950.07
        383.38	        22.823	       -949.34
        384.92	        23.013	       -948.62
         386.5	        23.204	        -947.9
        388.11	        23.397	       -947.17
        390.07	        23.626	       -946.32
        400.26	         24.56	       -942.94
        674.33	         25.53	       -939.56
        677.35	        26.534	       -936.19
        677.91	        26.844	       -935.18
        678.46	        27.157	       -934.16
           679	        27.474	       -933.15
        679.53	        27.795	       -932.14
        680.06	        28.119	       -931.12
        680.82	        28.607	       -929.62
        682.16	        29.516	       -926.89
        683.43	        30.454	       -924.16
        684.64	        31.421	       -921.43
         685.8	        32.419	        -918.7
         686.9	        33.449	       -915.97
        687.95	        34.511	       -913.24
        688.97	        35.608	       -910.51
        689.95	        36.739	       -907.78
        691.06	        38.101	        -904.6
         692.2	        39.617	        -901.2
        693.33	        41.193	       -897.79
        694.43	        42.831	       -894.39
        695.52	        44.535	       -890.98
         696.6	        46.306	       -887.58
        697.63	        48.075	        -884.3
        698.61	        49.802	       -881.22
        699.58	        51.591	       -878.14
        700.55	        53.443	       -875.06
        701.52	        55.363	       -871.98
        702.49	        57.351	        -868.9
        703.45	        59.411	       -865.82
        704.41	        61.545	       -862.74
        705.36	        63.755	       -859.66
         706.3	        66.045	       -856.58
        707.22	        68.417	        -853.5
        708.12	        70.874	       -850.42
           709	        73.419	       -847.34
        710.01	        76.549	       -843.69
        711.05	        80.054	       -839.79
        712.03	        83.719	       -835.88
        712.95	        87.553	       -831.97
        713.81	        91.561	       -828.06
        714.59	        95.754	       -824.15
        715.29	        100.14	       -820.24
        715.72	        103.15	       -817.66
        716.08	        105.91	       -815.35
        716.41	        108.75	       -813.04
        717.43	        119.65	       -804.71
