Cell info:
========================================================================
number-of-unit-cells: 2 2 2
unit-cell-vector-a:    26.343000000000     0.000000000000     0.000000000000
unit-cell-vector-b:     0.000000000000    26.343000000000     0.000000000000
unit-cell-vector-c:     0.000000000000     0.000000000000    26.343000000000

cell-vector-a:    52.686000000000     0.000000000000     0.000000000000
cell-vector-b:     0.000000000000    52.686000000000     0.000000000000
cell-vector-c:     0.000000000000     0.000000000000    52.686000000000

cell-lengths:    26.343000000000    26.343000000000    26.343000000000
cell-angles:    90.000000000000    90.000000000000    90.000000000000


Maximum changes for MC-moves:
========================================================================
Maximum-volume-change: 0.000500
Maximum-Gibbs-volume-change: 0.000500
Maximum-box-shape-change: 0.100000 0.100000 0.100000, 0.100000 0.100000 0.100000, 0.100000 0.100000 0.100000


Acceptance targets for MC-moves:
========================================================================
Target-volume-change: 0.500000
Target-box-shape-change: 0.500000
Target-Gibbs-volume-change: 0.500000


Components: 1 (Adsorbates 138, Cations 0)
========================================================================
Component 0 (argon)
	Fractional-molecule-id component 0: -1
	Lambda-factors component 0:  0.000000
	Number-of-biasing-factors component 0: 21
	Biasing-factors component 0:  0.000000 0.000000 0.000000 0.000000 0.000000 0.000000 0.000000 0.000000 0.000000 0.000000 0.000000 0.000000 0.000000 0.000000 0.000000 0.000000 0.000000 0.000000 0.000000 0.000000 0.000000
	Maximum-CF-Lambda-change component 0: 0.500000
	Maximum-CBCF-Lambda-change component 0: 0.500000

	Maximum-translation-change component 0: 0.348122,0.386119,0.375225
	Maximum-translation-in-plane-change component 0: 0.000000,0.000000,0.000000
	Maximum-rotation-change component 0: 0.017453 0.017453 0.017453

Reactions: 0

Component: 0     Adsorbate    138 molecules of argon
------------------------------------------------------------------------
Adsorbate-atom-position: 0 0    21.914802783218    34.951780052719    17.809273203166
Adsorbate-atom-position: 1 0    48.853846551420     4.430093180795    22.622830782154
Adsorbate-atom-position: 2 0     8.780262374479    17.775696229970     4.372205358191
Adsorbate-atom-position: 3 0    20.251730580956    46.994643257005     6.245458541177
Adsorbate-atom-position: 4 0    21.028751606638    21.179094625887    47.569537804592
Adsorbate-atom-position: 5 0    17.652122860013    30.464195676331     9.416237300983
Adsorbate-atom-position: 6 0    30.450286866414    48.335356746652    48.070586843016
Adsorbate-atom-position: 7 0     7.045953095112    46.672473000541    45.936311854791
Adsorbate-atom-position: 8 0    44.303592076399    17.597287821027    47.929642763211
Adsorbate-atom-position: 9 0    31.987637346082    47.050465118624     5.958405180207
Adsorbate-atom-position: 10 0    19.498773922788    45.960706931719    47.154309864306
Adsorbate-atom-position: 11 0    35.656400082617     4.157101885325    17.645777238881
Adsorbate-atom-position: 12 0    32.755275934264    45.906951637611    19.951897251949
Adsorbate-atom-position: 13 0     6.338104821595    19.802931946013    45.607140887406
Adsorbate-atom-position: 14 0    17.576317925761     8.726334079587    31.137846241420
Adsorbate-atom-position: 15 0    22.117206743854    34.945559204124    35.019673659634
Adsorbate-atom-position: 16 0    20.248523396332    19.502320948609    19.774461332244
Adsorbate-atom-position: 17 0    33.179062551488    19.878204876234    33.032481498073
Adsorbate-atom-position: 18 0    46.667724989934    19.474140096380    45.765181191397
Adsorbate-atom-position: 19 0    32.417009547024     6.318919048630    20.387878467810
Adsorbate-atom-position: 20 0    19.199761423043    32.792049181362     6.361940292030
Adsorbate-atom-position: 21 0     9.198192087576    30.611897717548    43.698781519033
Adsorbate-atom-position: 22 0     6.578139130653     7.367022115589     7.183479971347
Adsorbate-atom-position: 23 0    22.507926920137    48.401208840976    30.646873196709
Adsorbate-atom-position: 24 0     7.682513316378    18.234872261708    21.055259036730
Adsorbate-atom-position: 25 0    47.571784182894     8.133812844431    44.023676919463
Adsorbate-atom-position: 26 0    46.765996669628    32.419611772187    32.118668576511
Adsorbate-atom-position: 27 0    19.553716055677    20.013074223300     7.601917309113
Adsorbate-atom-position: 28 0    32.940471847637    33.083200272775    45.811976121951
Adsorbate-atom-position: 29 0    48.431470242012    21.959684293407    31.108677572236
Adsorbate-atom-position: 30 0     4.553105045638    22.077827948931     4.465372675558
Adsorbate-atom-position: 31 0    48.374064830354    17.393785672144    43.266824295321
Adsorbate-atom-position: 32 0    31.454012731591     4.995974283862    47.638487172560
Adsorbate-atom-position: 33 0    32.548504092504    45.708292812581    45.760413289658
Adsorbate-atom-position: 34 0    33.869293805585    18.661324110545     5.419617511354
Adsorbate-atom-position: 35 0     8.034420005113    20.970128951683    18.177238485689
Adsorbate-atom-position: 36 0    19.484787026298     5.814869564857    20.058052308784
Adsorbate-atom-position: 37 0    44.347519274789    43.935492033734    30.934897852388
Adsorbate-atom-position: 38 0    21.911641936220     4.164921984342     4.440103441150
Adsorbate-atom-position: 39 0    45.390239780962    20.281962872733     7.510046356588
Adsorbate-atom-position: 40 0    32.630189633275     5.968903648680     6.181018697521
Adsorbate-atom-position: 41 0    43.629871703409    43.583994429736    48.507028749752
Adsorbate-atom-position: 42 0    24.180411298060    48.558129799200    13.018832348819
Adsorbate-atom-position: 43 0     4.575107226048    48.001087665098    31.161985624397
Adsorbate-atom-position: 44 0    45.288903841872    46.888917054301    19.412517367638
Adsorbate-atom-position: 45 0    30.679780637751    43.934923609218    17.738179861153
Adsorbate-atom-position: 46 0     6.486510252723    19.638922615223    32.052681413407
Adsorbate-atom-position: 47 0    20.566601041621     5.783279255427    46.857586371392
Adsorbate-atom-position: 48 0    21.169883525705    21.140177690435     4.714734003925
Adsorbate-atom-position: 49 0    48.130925532054    47.962048070706    21.682754801641
Adsorbate-atom-position: 50 0    47.990710604008    44.430032374265    44.139111366557
Adsorbate-atom-position: 51 0     4.338703737814    17.442448559731    35.246086727765
Adsorbate-atom-position: 52 0     4.099715501754    43.731726498072    17.711107359836
Adsorbate-atom-position: 53 0     8.488057444137    31.354544331590     8.381027765203
Adsorbate-atom-position: 54 0    43.802555914234    30.443929920206     8.956324625346
Adsorbate-atom-position: 55 0    48.227115450210    48.917794194111    48.583052243867
Adsorbate-atom-position: 56 0    47.200242856844    33.161843587225     6.508831121066
Adsorbate-atom-position: 57 0    45.160437950460    45.803859628398    46.305627091830
Adsorbate-atom-position: 58 0     9.502168941664     9.348964491431    30.592000912242
Adsorbate-atom-position: 59 0    32.116425478264    47.196680168499    31.888805093833
Adsorbate-atom-position: 60 0    19.413232308767    32.433082515399    19.438312658499
Adsorbate-atom-position: 61 0    20.592381733440    45.191470951304    18.698226273486
Adsorbate-atom-position: 62 0     4.483537871154    34.780214093840    44.083519935757
Adsorbate-atom-position: 63 0    46.000656388131    20.620176074455    19.391808933066
Adsorbate-atom-position: 64 0    45.188541413196     6.405008341041    19.186579822611
Adsorbate-atom-position: 65 0     7.446210970990    46.870981404079     7.571280825943
Adsorbate-atom-position: 66 0    46.137890722645    46.279260946264    33.757139407646
Adsorbate-atom-position: 67 0    46.653663632089    18.948664003737    33.708809988713
Adsorbate-atom-position: 68 0    31.517163290193     7.999944037684    44.745741649441
Adsorbate-atom-position: 69 0    21.978718096636    48.634666767464    48.923020047293
Adsorbate-atom-position: 70 0    46.536139770182     7.451418834982     7.384299707796
Adsorbate-atom-position: 71 0    34.219306963866     7.536571298954    47.173446345260
Adsorbate-atom-position: 72 0     4.655216480503    30.928608628245    47.939722255620
Adsorbate-atom-position: 73 0     7.217874862034     5.791211944497    45.463503229382
Adsorbate-atom-position: 74 0    21.714408630329     8.413932305159    17.835111680612
Adsorbate-atom-position: 75 0    46.757686815726    33.846376170872    18.762595171370
Adsorbate-atom-position: 76 0     5.711692181025    33.327679073091    19.190361581169
Adsorbate-atom-position: 77 0    19.346534297872    33.196923303756    46.192077623118
Adsorbate-atom-position: 78 0    34.289025425281    44.353289584271    31.503349773074
Adsorbate-atom-position: 79 0    31.553485822693    33.886967146840    34.039192139709
Adsorbate-atom-position: 80 0    33.177277046890    19.329332692601    45.871842435113
Adsorbate-atom-position: 81 0    17.719956531044    17.146704074493     4.341313110801
Adsorbate-atom-position: 82 0     6.240042157848    33.810774109392     6.644458333061
Adsorbate-atom-position: 83 0     4.185528741094     8.847735052150     9.248967757994
Adsorbate-atom-position: 84 0    44.102106549678    34.766338387620    21.313144583083
Adsorbate-atom-position: 85 0    48.398233720644    35.544049945558     9.026000726843
Adsorbate-atom-position: 86 0    35.114859771540    48.541025300065     8.619059723584
Adsorbate-atom-position: 87 0    30.486058012625     9.282086479462     8.623934261380
Adsorbate-atom-position: 88 0    34.809052655860    47.776027275799    34.400549404823
Adsorbate-atom-position: 89 0     5.835356307926     6.709390150490    32.761841842278
Adsorbate-atom-position: 90 0    32.278199608114    33.879425927350     7.766163715203
Adsorbate-atom-position: 91 0     5.026557167105    34.588488692973    34.755567073293
Adsorbate-atom-position: 92 0    48.345821552779    17.073371979435     9.066489133786
Adsorbate-atom-position: 93 0     8.957765032126    35.650242377050     3.966530703797
Adsorbate-atom-position: 94 0    35.271320098501    21.986143605333    17.727970961359
Adsorbate-atom-position: 95 0     4.685121271576    31.069616245473    21.949447626668
Adsorbate-atom-position: 96 0    21.784155304656    31.112108217451     4.699223941183
Adsorbate-atom-position: 97 0    32.942953872546    20.091865030636    19.854321795108
Adsorbate-atom-position: 98 0    32.138083070155     7.440408311001    33.565227846568
Adsorbate-atom-position: 99 0    19.622066139583    32.618359031977    33.821015037925
Adsorbate-atom-position: 100 0     6.715791751669     7.592947221403    19.912728181316
Adsorbate-atom-position: 101 0     7.159143407964    33.099387845894    45.683312296551
Adsorbate-atom-position: 102 0    35.171262838492    30.700025246746    44.307587021962
Adsorbate-atom-position: 103 0     8.733706013166    44.055205287810    30.946583777446
Adsorbate-atom-position: 104 0    19.463616365074     5.967244265318    33.505954163341
Adsorbate-atom-position: 105 0    31.028126139916     8.364064342370    17.901740590108
Adsorbate-atom-position: 106 0    20.062100380849    19.300921304236    33.333731702940
Adsorbate-atom-position: 107 0     5.290011644280    18.291724076054    18.126833362181
Adsorbate-atom-position: 108 0     4.391913986634     9.346801847834    43.882902122664
Adsorbate-atom-position: 109 0    19.322894709141    46.904694179314    34.060487080585
Adsorbate-atom-position: 110 0    35.101782498942    30.762701349355    35.009396923325
Adsorbate-atom-position: 111 0     3.773919200255    42.656962278439    35.374019081268
Adsorbate-atom-position: 112 0    43.665081586911     4.042335489325    43.655500259297
Adsorbate-atom-position: 113 0     5.348362076382    20.964500861942    20.886479298138
Adsorbate-atom-position: 114 0    21.126780594055    18.503886359091    44.715934668411
Adsorbate-atom-position: 115 0    30.761340176204    43.465585395899    35.012937798176
Adsorbate-atom-position: 116 0    19.755284211188     6.382056180485     6.263886861112
Adsorbate-atom-position: 117 0    17.567727232437    17.456446499884    22.243471942751
Adsorbate-atom-position: 118 0     6.103258618242    19.622432891135     6.417067888022
Adsorbate-atom-position: 119 0     7.288421082287    45.582909769672    20.366146837755
Adsorbate-atom-position: 120 0    21.797822057634     4.232650711904    30.748941843141
Adsorbate-atom-position: 121 0     4.712937026619     4.557414451491     4.869248533258
Adsorbate-atom-position: 122 0    35.265344479739    35.163595294660    48.220766838373
Adsorbate-atom-position: 123 0    17.621328760220     4.604153556226    44.267307059037
Adsorbate-atom-position: 124 0    32.636634288670    33.263322415291    19.792636723544
Adsorbate-atom-position: 125 0    17.249851914310     8.655116556522    48.163220110122
Adsorbate-atom-position: 126 0     7.606210577849    46.766942246193    33.533091592817
Adsorbate-atom-position: 127 0    17.635326746137     4.077987681124    17.278951166397
Adsorbate-atom-position: 128 0    48.489195998550    21.910256841636    22.289873780407
Adsorbate-atom-position: 129 0     8.596799471748     8.822607861067     4.584338963009
Adsorbate-atom-position: 130 0    30.349171022059    30.966987982560    22.178027142694
Adsorbate-atom-position: 131 0     4.523838105269    17.215849212558     9.122727280766
Adsorbate-atom-position: 132 0     3.562226155753     4.155181833274    21.873477656097
Adsorbate-atom-position: 133 0     3.940352486924    17.832862319320    43.694215279137
Adsorbate-atom-position: 134 0     3.911324524640    43.513182562196     8.436682944596
Adsorbate-atom-position: 135 0     7.538566405231    32.007468183901    33.369765230533
Adsorbate-atom-position: 136 0    48.562461159531    48.276324920117    30.512985804363
Adsorbate-atom-position: 137 0    22.179609314781     9.313268926652    44.222798445466
Adsorbate-atom-velocity: 0 0    -1.983241154730     0.827620131808     1.780944035584
Adsorbate-atom-velocity: 1 0     0.523276455340     1.082685909780    -3.215951867310
Adsorbate-atom-velocity: 2 0    -1.169968940624    -1.439671371011     1.319021077913
Adsorbate-atom-velocity: 3 0    -1.137168342978     0.847884523790    -0.421515338386
Adsorbate-atom-velocity: 4 0     0.541676347639    -1.209135898025     1.991611668797
Adsorbate-atom-velocity: 5 0    -0.055298477725     0.545982663011    -0.388058181959
Adsorbate-atom-velocity: 6 0     1.099497548655     2.375982580115     1.032143584348
Adsorbate-atom-velocity: 7 0    -1.852431780291    -0.729884100685    -0.625706081077
Adsorbate-atom-velocity: 8 0     0.082459353155    -0.225530075473     0.107882606472
Adsorbate-atom-velocity: 9 0    -1.972903092597    -2.538092040103     1.673921342758
Adsorbate-atom-velocity: 10 0     1.508982156031    -1.920087563887    -1.237777672728
Adsorbate-atom-velocity: 11 0    -0.339492885903    -1.326615140601     0.073046350619
Adsorbate-atom-velocity: 12 0    -0.098098295613     3.138775572919    -1.778496379272
Adsorbate-atom-velocity: 13 0    -1.866198062549     0.258637433903    -0.607312875877
Adsorbate-atom-velocity: 14 0     1.473610535759    -0.600457465703     1.075526121596
Adsorbate-atom-velocity: 15 0     1.288725307374     1.816883983240     1.367442017344
Adsorbate-atom-velocity: 16 0     1.258580504982    -0.219721952584    -1.143120606880
Adsorbate-atom-velocity: 17 0    -1.408289246559     1.406418828856     1.465564932518
Adsorbate-atom-velocity: 18 0     0.210995483082     0.454249501429    -0.200534895128
Adsorbate-atom-velocity: 19 0    -1.481549790132     0.561088023499     1.041462527505
Adsorbate-atom-velocity: 20 0    -0.287623499177    -1.347989821295    -1.790917012711
Adsorbate-atom-velocity: 21 0     0.779397978390     2.241961184401    -2.130807660524
Adsorbate-atom-velocity: 22 0    -1.226803073854    -0.490066557181    -0.344718702722
Adsorbate-atom-velocity: 23 0     1.926346962000     0.087309942919    -1.133476357427
Adsorbate-atom-velocity: 24 0    -3.173579715366    -2.053812281897     1.848264017957
Adsorbate-atom-velocity: 25 0    -0.261023287451     1.159283096566    -0.273733079985
Adsorbate-atom-velocity: 26 0    -2.141988774942     0.352954715849    -1.040443567317
Adsorbate-atom-velocity: 27 0     2.109114133710     0.521817006673     3.435949462612
Adsorbate-atom-velocity: 28 0    -0.697869591186     1.200848881795     0.676740384129
Adsorbate-atom-velocity: 29 0    -0.809075769717    -1.419681308310    -0.570982862733
Adsorbate-atom-velocity: 30 0     1.399459661820     0.694337286953     0.688776155450
Adsorbate-atom-velocity: 31 0    -1.684766169071     0.098602262837     1.973037504762
Adsorbate-atom-velocity: 32 0     0.530535649776     0.134129747724     0.587294052643
Adsorbate-atom-velocity: 33 0    -0.790071208008     0.152183609004     1.048776184965
Adsorbate-atom-velocity: 34 0     0.206346934371     2.250589976256     0.139608654617
Adsorbate-atom-velocity: 35 0    -1.640247852304     0.451369113514    -1.887098460259
Adsorbate-atom-velocity: 36 0     0.481084483081     2.641465640596     0.313607390140
Adsorbate-atom-velocity: 37 0    -1.772939856529     2.000485507239     1.412354489201
Adsorbate-atom-velocity: 38 0     1.795643472858     1.460429285388    -0.118352099068
Adsorbate-atom-velocity: 39 0     2.102474192967    -0.619240630789    -1.271694892378
Adsorbate-atom-velocity: 40 0    -1.048251579289     0.059232760743     0.564942910624
Adsorbate-atom-velocity: 41 0    -2.044339945433    -1.351181731457     1.204852594412
Adsorbate-atom-velocity: 42 0    -0.114768381551     1.349731040623    -0.609279352165
Adsorbate-atom-velocity: 43 0     0.278018592032     0.974193019907    -0.540550708289
Adsorbate-atom-velocity: 44 0    -2.338333940608     0.393645369986     1.207950642262
Adsorbate-atom-velocity: 45 0    -0.996650372325     0.665185909359     2.276314239267
Adsorbate-atom-velocity: 46 0    -2.228745646798     0.941123545426    -0.977360349134
Adsorbate-atom-velocity: 47 0     0.314399940341    -1.257747943062     0.106275836936
Adsorbate-atom-velocity: 48 0    -1.108063108725     0.490520226783    -1.032026288745
Adsorbate-atom-velocity: 49 0     0.846177099825    -1.843752557165    -1.145773249260
Adsorbate-atom-velocity: 50 0    -0.867995554390    -1.469570002590     0.462570637393
Adsorbate-atom-velocity: 51 0    -0.564437007958     0.053406978362     2.580707841803
Adsorbate-atom-velocity: 52 0     0.090483914368     2.546652009855    -0.572631707415
Adsorbate-atom-velocity: 53 0     1.994548234037     1.351028597280     0.915629040280
Adsorbate-atom-velocity: 54 0     2.635743356599    -0.990528329066    -1.384903515893
Adsorbate-atom-velocity: 55 0    -0.768061405711     0.870791605584    -0.552865102612
Adsorbate-atom-velocity: 56 0     0.586418318658     1.222374481203     0.138374851482
Adsorbate-atom-velocity: 57 0     0.176733587026     1.185536686433    -1.882370046781
Adsorbate-atom-velocity: 58 0    -0.860151432426    -1.553809012670     1.983551944840
Adsorbate-atom-velocity: 59 0     0.658667099862    -1.278836414934    -1.619413416511
Adsorbate-atom-velocity: 60 0     2.164785216757     1.581924142311     0.573510074364
Adsorbate-atom-velocity: 61 0    -0.132865903472     0.497831224774     0.121887930865
Adsorbate-atom-velocity: 62 0     0.471162359402     0.209044182777    -1.127959228536
Adsorbate-atom-velocity: 63 0     0.849817814446     4.652255202443    -0.341975125104
Adsorbate-atom-velocity: 64 0     1.474494306046     1.136961263356     0.834990024292
Adsorbate-atom-velocity: 65 0    -1.227526270443     1.183608822132     0.966111942406
Adsorbate-atom-velocity: 66 0    -1.098964940652    -0.941107484583     2.636784633194
Adsorbate-atom-velocity: 67 0    -1.166536535282    -0.187525564852    -1.052665282463
Adsorbate-atom-velocity: 68 0    -1.111169048507    -0.246085449893     1.738980972773
Adsorbate-atom-velocity: 69 0     2.848784815682     2.549299862160     0.670260921132
Adsorbate-atom-velocity: 70 0    -2.195925712997    -1.770755031433     0.099167986987
Adsorbate-atom-velocity: 71 0     0.770638952039     0.956055167639     0.152293681903
Adsorbate-atom-velocity: 72 0    -0.856465904195     1.127552831009     0.280334332287
Adsorbate-atom-velocity: 73 0     0.932412559590     0.388287996759    -0.446721315566
Adsorbate-atom-velocity: 74 0    -1.294912173667     0.808463939425    -1.880061315636
Adsorbate-atom-velocity: 75 0     1.643550387320     1.025535049761    -0.560390965849
Adsorbate-atom-velocity: 76 0    -1.465728938823     0.381784391294     0.216278597615
Adsorbate-atom-velocity: 77 0     1.735341312286    -0.773667112839     0.511702755338
Adsorbate-atom-velocity: 78 0    -0.821960993149    -0.939343906304    -0.552112937566
Adsorbate-atom-velocity: 79 0    -1.299800943035     0.931505296625    -1.103530961772
Adsorbate-atom-velocity: 80 0     0.906755233991     2.435325205169    -0.058422851940
Adsorbate-atom-velocity: 81 0    -0.640866428132     0.768227095598     0.326688627282
Adsorbate-atom-velocity: 82 0     0.311012600331    -0.445762416753    -1.714426015772
Adsorbate-atom-velocity: 83 0    -1.514760052547     0.367050274164     0.890756021702
Adsorbate-atom-velocity: 84 0     0.408194226126     1.133806579564    -1.251073948556
Adsorbate-atom-velocity: 85 0     1.399961020516    -0.272856287401     0.112227286137
Adsorbate-atom-velocity: 86 0     0.992258140063     0.841645236513    -0.651636608651
Adsorbate-atom-velocity: 87 0    -1.914650724465     4.038700797345    -0.156443178151
Adsorbate-atom-velocity: 88 0    -2.263872521295     0.278387119699     1.969977114189
Adsorbate-atom-velocity: 89 0     1.525882698438    -0.182363621907    -0.636133560506
Adsorbate-atom-velocity: 90 0    -2.323328189094     0.512538278304     0.132439555746
Adsorbate-atom-velocity: 91 0     3.122587453587     0.620577933449    -0.111938801642
Adsorbate-atom-velocity: 92 0     0.533866178651    -0.464103942082    -0.104602484230
Adsorbate-atom-velocity: 93 0    -1.821385728494     2.898842448937    -0.146000146027
Adsorbate-atom-velocity: 94 0     1.099872594404    -1.349473161292    -0.122183760505
Adsorbate-atom-velocity: 95 0    -1.087780905039    -1.849571273689     1.429104455077
Adsorbate-atom-velocity: 96 0     2.066395053470    -0.606783048529    -0.110844947510
Adsorbate-atom-velocity: 97 0    -1.434922906051    -1.728870393655    -1.073262492093
Adsorbate-atom-velocity: 98 0     0.163377362885     2.790574147045    -2.208223679910
Adsorbate-atom-velocity: 99 0     0.891782112883     0.394487318971     0.084754920797
Adsorbate-atom-velocity: 100 0     1.511493154853     1.176041277584    -0.671840323691
Adsorbate-atom-velocity: 101 0    -0.953659290707    -2.580904746298    -1.124464786183
Adsorbate-atom-velocity: 102 0     1.625223699475     1.997937651385     1.603956404535
Adsorbate-atom-velocity: 103 0    -0.074661492701     1.154516620135    -1.213560503709
Adsorbate-atom-velocity: 104 0     2.019535170226    -0.287257993785     0.435330551591
Adsorbate-atom-velocity: 105 0    -1.550350590364    -2.640772430957     0.641222705595
Adsorbate-atom-velocity: 106 0    -1.037807637610    -0.007763852090     0.266306312611
Adsorbate-atom-velocity: 107 0     0.133836923503    -0.865634678653     0.899173033902
Adsorbate-atom-velocity: 108 0    -0.397618216763    -0.099945118395     1.877626659112
Adsorbate-atom-velocity: 109 0    -0.275900801938    -1.504586322841    -0.848404143359
Adsorbate-atom-velocity: 110 0    -2.722473268479     1.099650223997     1.335893423233
Adsorbate-atom-velocity: 111 0    -3.413693913705     1.112025237107    -2.405340901679
Adsorbate-atom-velocity: 112 0     2.137830468119     0.449380338633    -0.746403212583
Adsorbate-atom-velocity: 113 0     2.502768570520     0.615072128564    -0.445164608365
Adsorbate-atom-velocity: 114 0     1.031160009219    -0.014299355279    -0.463637113080
Adsorbate-atom-velocity: 115 0     0.069042692373     1.093140824666    -1.045158903262
Adsorbate-atom-velocity: 116 0    -2.785067097856    -1.116634109536    -0.891524731588
Adsorbate-atom-velocity: 117 0     1.928740635489     0.549640214893    -0.933264205098
Adsorbate-atom-velocity: 118 0     1.246020908612    -1.871971081263    -2.773151026242
Adsorbate-atom-velocity: 119 0    -2.134484998248    -1.862745536773    -1.943590859179
Adsorbate-atom-velocity: 120 0     0.095454337706    -0.420767387717    -1.587028061315
Adsorbate-atom-velocity: 121 0     1.021276288609    -1.054819198138     0.638760446400
Adsorbate-atom-velocity: 122 0    -1.887039182720     1.178739469492    -1.024742291694
Adsorbate-atom-velocity: 123 0     2.042081558770     0.169885032664     2.155710772256
Adsorbate-atom-velocity: 124 0     0.106924447170     0.618108921890    -0.176657618286
Adsorbate-atom-velocity: 125 0     1.119389078914    -1.173661817706     0.801128632096
Adsorbate-atom-velocity: 126 0     0.445808519232     0.672679257042    -0.366421569323
Adsorbate-atom-velocity: 127 0     0.194847224968    -1.566732757295    -0.418810769814
Adsorbate-atom-velocity: 128 0     0.266264045588    -1.921470207317    -3.420054997610
Adsorbate-atom-velocity: 129 0    -0.674299645154     1.220989331091     1.190435084096
Adsorbate-atom-velocity: 130 0     2.507587407979     1.874294875983    -1.453664300889
Adsorbate-atom-velocity: 131 0     1.956010621433    -2.492797887074    -4.264191174120
Adsorbate-atom-velocity: 132 0     2.051389161482    -1.307415537708    -1.026755007884
Adsorbate-atom-velocity: 133 0     1.284664474797     1.005385224394    -2.531641315922
Adsorbate-atom-velocity: 134 0    -1.597201812220    -0.714647134595     3.466607592009
Adsorbate-atom-velocity: 135 0    -0.013645593019     0.315301995841    -0.506808161448
Adsorbate-atom-velocity: 136 0     1.172697130750     0.361074273873     1.546491513477
Adsorbate-atom-velocity: 137 0     0.478689252147     1.012121363151     0.596023387005
Adsorbate-atom-force:    0 0  -227.501730185978   -22.296530675197  -185.560242267489
Adsorbate-atom-force:    1 0  -213.589854210418  -428.614466512684  -280.656769032031
Adsorbate-atom-force:    2 0  -174.833462988271  -287.747151668128   187.396599432860
Adsorbate-atom-force:    3 0   -86.063505070782  -195.318711756924  -150.341644939206
Adsorbate-atom-force:    4 0   370.382019039545  -243.703031785831  -341.107930196695
Adsorbate-atom-force:    5 0  -492.387138116322   150.264451749874  -442.116533308607
Adsorbate-atom-force:    6 0   385.761490447600  -178.376275144826   532.533550345110
Adsorbate-atom-force:    7 0   -55.966768629339   -59.822736071206  -111.505750719868
Adsorbate-atom-force:    8 0  -376.684131582434   387.668833155644   225.253623745700
Adsorbate-atom-force:    9 0   328.952759633003  -262.989573200399  -290.159649703542
Adsorbate-atom-force:    10 0   164.950786646837  -117.914969368488  -326.092052372417
Adsorbate-atom-force:    11 0  -372.513949589145   155.753834425302  -388.764886540696
Adsorbate-atom-force:    12 0   111.554454164802   104.706213423923    92.762970210419
Adsorbate-atom-force:    13 0   135.868134768827     4.634809089262   104.188441274781
Adsorbate-atom-force:    14 0   390.109694694566  -364.074995851185  -827.102622086238
Adsorbate-atom-force:    15 0  -168.910365699465   345.177340120935    95.672535985065
Adsorbate-atom-force:    16 0   -72.064495312895     4.497023757928   -24.475328826786
Adsorbate-atom-force:    17 0    14.878609879213    12.196952085855    13.194002293814
Adsorbate-atom-force:    18 0   -21.857152545505    52.821542729677    17.441381372618
Adsorbate-atom-force:    19 0   235.180725549217  -355.555231939933   171.776789117201
Adsorbate-atom-force:    20 0  -238.431226128958   248.928286214450   326.834199835837
Adsorbate-atom-force:    21 0  -213.341731158364     0.092420191731    86.593433644889
Adsorbate-atom-force:    22 0  -326.525631878636  -739.517450838320  -573.686200059357
Adsorbate-atom-force:    23 0  -327.781510981053    19.883000129253   -29.155476360252
Adsorbate-atom-force:    24 0   907.476625892930   572.374255133867  -377.421655750179
Adsorbate-atom-force:    25 0   849.690068052413   180.124042457384   924.143387208485
Adsorbate-atom-force:    26 0   -64.827433782954  -124.576041447153   125.168555783736
Adsorbate-atom-force:    27 0  -280.593713236006  -197.455182433588     9.495235360982
Adsorbate-atom-force:    28 0  -119.213917324511   159.782360282954   104.369200356957
Adsorbate-atom-force:    29 0  -456.074738849737  -359.582270751690  -988.563726410597
Adsorbate-atom-force:    30 0  -366.409204422360    20.464187504193  -209.980344051211
Adsorbate-atom-force:    31 0   160.563506003768   -56.538879404961   255.789402841366
Adsorbate-atom-force:    32 0  -187.763917692385   229.261345849425  -105.035067598074
Adsorbate-atom-force:    33 0   -54.473948419071    22.257163082473     6.549933934879
Adsorbate-atom-force:    34 0   244.981425113766   192.288763333533   286.700564794201
Adsorbate-atom-force:    35 0  -424.461646938136   794.833893189863   654.561712274579
Adsorbate-atom-force:    36 0   453.220086713618   444.672480705552  -413.688174959018
Adsorbate-atom-force:    37 0  -745.693632111068   457.579324253797   241.982003137655
Adsorbate-atom-force:    38 0   180.756117909563   109.918178757720  -178.398103579600
Adsorbate-atom-force:    39 0   159.144519361414   157.702686785730  -203.410609904505
Adsorbate-atom-force:    40 0   -87.801438773507    72.249903555436    30.298555755175
Adsorbate-atom-force:    41 0   -54.118233421300  -121.425683617295   183.854337274910
Adsorbate-atom-force:    42 0   -20.995331213250   -24.938678990597   135.746641883116
Adsorbate-atom-force:    43 0   318.987382981287  -107.740443426934  -359.951275437095
Adsorbate-atom-force:    44 0   296.359460887205  -304.570582233439  -368.254671059605
Adsorbate-atom-force:    45 0    88.456405849827    -2.710039691872  -323.238452439512
Adsorbate-atom-force:    46 0   126.212377679627   123.999975502417   247.509711346456
Adsorbate-atom-force:    47 0  -116.687134907625    95.486024626822   -41.496385920948
Adsorbate-atom-force:    48 0   428.096024173557   600.395974049386   480.164521942471
Adsorbate-atom-force:    49 0  -176.828228139866   203.803655070980    17.977695658369
Adsorbate-atom-force:    50 0  -227.773196922195  -645.072536416278   344.444104108128
Adsorbate-atom-force:    51 0    55.147056395942   132.498729461088  -148.485383914232
Adsorbate-atom-force:    52 0   311.168957575416   208.592237502351  -392.719782729120
Adsorbate-atom-force:    53 0  -404.677583731747  -785.857504638546  -245.251942867850
Adsorbate-atom-force:    54 0    49.884901336423   197.042206698162  -112.944941627530
Adsorbate-atom-force:    55 0   420.029808665041  -387.627224494191  -147.350008872502
Adsorbate-atom-force:    56 0  -650.585630916794  -545.070708495448   404.077279916507
Adsorbate-atom-force:    57 0   435.252166247388   362.897049713173  -161.466774143295
Adsorbate-atom-force:    58 0  -250.119911167275  -196.149547425221   -41.021389315149
Adsorbate-atom-force:    59 0  -496.542961620817  -195.721699145468   268.390333564664
Adsorbate-atom-force:    60 0    -2.448319460085    20.564490765485   -48.252954183735
Adsorbate-atom-force:    61 0   110.679578225537    59.585140566345   229.707104659276
Adsorbate-atom-force:    62 0    14.322472627240   507.767326574714   -11.557032246942
Adsorbate-atom-force:    63 0  -173.993455095750  -199.750453366928   216.363129820657
Adsorbate-atom-force:    64 0   392.874852141319  -398.845858484512   352.911050730385
Adsorbate-atom-force:    65 0   -94.507955288801    78.468050120086  -180.738260912658
Adsorbate-atom-force:    66 0  -136.615073546735  -139.053368055519  -250.153638218244
Adsorbate-atom-force:    67 0   188.793882129923   181.204265025910  -160.679422960170
Adsorbate-atom-force:    68 0    17.386893430284  -147.931046043809  -105.641322146859
Adsorbate-atom-force:    69 0   183.386380359690  -172.150853856070  -310.784022979498
Adsorbate-atom-force:    70 0   327.598786910874  -282.193584665651  -262.837641359011
Adsorbate-atom-force:    71 0  -353.438825556194   312.611281688090   -75.834975468887
Adsorbate-atom-force:    72 0    80.225794341730   213.298008454955   176.609727528840
Adsorbate-atom-force:    73 0    -1.374064052567   119.523574979412   -35.717180175241
Adsorbate-atom-force:    74 0  -171.003551753260   159.487000396954    93.564603768092
Adsorbate-atom-force:    75 0   316.880535640452  -247.446305817281   286.341231910866
Adsorbate-atom-force:    76 0   202.911472272609   200.938596323305    36.452878629268
Adsorbate-atom-force:    77 0    -1.253107153714    -1.546303448015    41.263419636378
Adsorbate-atom-force:    78 0   573.360889306913   519.587776605969   -21.123162171837
Adsorbate-atom-force:    79 0   620.474810595863   447.424234497424  -221.612590652968
Adsorbate-atom-force:    80 0   -89.006040433097    71.926780007373    91.281406530926
Adsorbate-atom-force:    81 0  -428.802806582905   434.588057029820    88.723575369567
Adsorbate-atom-force:    82 0   229.815013694430  -195.824933832973   177.187830546210
Adsorbate-atom-force:    83 0  -189.161311399975   241.826619129628    -9.923390900339
Adsorbate-atom-force:    84 0   581.499017268069  -373.850525592597  1159.884669381169
Adsorbate-atom-force:    85 0    53.970364620652  -140.066655427318   -39.033008031052
Adsorbate-atom-force:    86 0   -96.666770752081  -320.334876573093   275.291123330008
Adsorbate-atom-force:    87 0   202.626468647971  -404.008556381155   619.525430181456
Adsorbate-atom-force:    88 0  -570.993389317515  -309.344098525889   915.174547934102
Adsorbate-atom-force:    89 0   166.958793291069  -128.750323284364   128.441248754869
Adsorbate-atom-force:    90 0  -613.806524748143  -458.754929118158  -601.191782277430
Adsorbate-atom-force:    91 0  -422.410539757261   -44.155254835446  -390.405443186749
Adsorbate-atom-force:    92 0    82.116831692515   276.361320252317  -153.225046984605
Adsorbate-atom-force:    93 0   -67.217995728645  -238.591468386380   219.087002271734
Adsorbate-atom-force:    94 0  -165.400915048461   -68.660025286986  -352.446201106703
Adsorbate-atom-force:    95 0  -159.562995792824  -341.997594455955  -305.456645901647
Adsorbate-atom-force:    96 0    38.652636528203  -444.957880721916  -199.612850750918
Adsorbate-atom-force:    97 0   -76.372803170548   -40.491429127037    55.163496545151
Adsorbate-atom-force:    98 0    88.124784953737  -129.506673871888   123.026617043932
Adsorbate-atom-force:    99 0  -271.206060904256     2.225356356513  -257.000634039532
Adsorbate-atom-force:    100 0    15.666994340574  -296.966252905489    -0.776030381600
Adsorbate-atom-force:    101 0   -26.994202418625  -396.262158180407   393.734112994105
Adsorbate-atom-force:    102 0  -270.523957129339   259.532343942361 -1163.492015082112
Adsorbate-atom-force:    103 0  -192.315007706689    42.502292892263  -115.383118661426
Adsorbate-atom-force:    104 0  -123.363052410265    92.264224141041  -143.746133628509
Adsorbate-atom-force:    105 0    -8.078665143094   413.107275672969  -229.392038048322
Adsorbate-atom-force:    106 0    43.393858850082    -6.412451391380    12.765606426702
Adsorbate-atom-force:    107 0  -652.817839481980   256.702248231989   535.394575879595
Adsorbate-atom-force:    108 0  -156.518083910000  -428.983585052415  -119.313414076998
Adsorbate-atom-force:    109 0  -667.878239516999  -564.991714512684  -719.890414767376
Adsorbate-atom-force:    110 0  -121.685748780622   108.359802339919    60.567131772104
Adsorbate-atom-force:    111 0    76.132966306576   324.443452988177    81.768884116848
Adsorbate-atom-force:    112 0   116.634850486518   176.336394572783   112.251744403341
Adsorbate-atom-force:    113 0    47.893932664317    26.308981220438    83.587368943926
Adsorbate-atom-force:    114 0  -179.102744547602  -189.817800818311   237.535048166092
Adsorbate-atom-force:    115 0   -49.156934371926   443.523840166878   259.444466811659
Adsorbate-atom-force:    116 0  -100.954989761000   134.134883470592   103.442898949284
Adsorbate-atom-force:    117 0   -47.807646887504   104.775569997889  -257.410898884054
Adsorbate-atom-force:    118 0   196.241600307832  -251.100233696806   300.643348829509
Adsorbate-atom-force:    119 0   -95.427388113845   -87.474694486779   -48.042980674268
Adsorbate-atom-force:    120 0   202.870037138206   272.388282457355   101.080258265054
Adsorbate-atom-force:    121 0   135.513824776316   414.498856157296  -496.770404945547
Adsorbate-atom-force:    122 0  -203.828385633515  -109.192281281259    80.196090095489
Adsorbate-atom-force:    123 0   345.193862789674   106.262847728152  -378.355664975111
Adsorbate-atom-force:    124 0   -17.011762216835   -47.043167372296   -10.547612271986
Adsorbate-atom-force:    125 0   424.117611844162   135.567333357627   168.066312501138
Adsorbate-atom-force:    126 0  -314.118228734642   -41.754794181844    55.093277876084
Adsorbate-atom-force:    127 0  -299.780659857990   213.535188556610   179.092290004773
Adsorbate-atom-force:    128 0  -173.587158491063   183.254956729106  -274.455432901877
Adsorbate-atom-force:    129 0   198.883947802542  -174.732936574046  -267.092139389608
Adsorbate-atom-force:    130 0   406.870876495207  -823.983658585031  -288.501464627543
Adsorbate-atom-force:    131 0  -484.171722668963   282.825223552922  -289.304377394738
Adsorbate-atom-force:    132 0   599.647919554369   -21.990701679774   676.984471062822
Adsorbate-atom-force:    133 0   371.004789123228 -1192.589244003862   185.069732405789
Adsorbate-atom-force:    134 0   536.587726954181   445.162705425781  1919.726742441100
Adsorbate-atom-force:    135 0  -537.365933338340   528.777351869058   605.552347826451
Adsorbate-atom-force:    136 0  -227.764276040241   108.214694676056   201.182000000005
Adsorbate-atom-force:    137 0  -307.011372803715  -639.205049182532 -1541.856444125905
Adsorbate-atom-charge:   0 0     0.000000000000
Adsorbate-atom-charge:   1 0     0.000000000000
Adsorbate-atom-charge:   2 0     0.000000000000
Adsorbate-atom-charge:   3 0     0.000000000000
Adsorbate-atom-charge:   4 0     0.000000000000
Adsorbate-atom-charge:   5 0     0.000000000000
Adsorbate-atom-charge:   6 0     0.000000000000
Adsorbate-atom-charge:   7 0     0.000000000000
Adsorbate-atom-charge:   8 0     0.000000000000
Adsorbate-atom-charge:   9 0     0.000000000000
Adsorbate-atom-charge:   10 0     0.000000000000
Adsorbate-atom-charge:   11 0     0.000000000000
Adsorbate-atom-charge:   12 0     0.000000000000
Adsorbate-atom-charge:   13 0     0.000000000000
Adsorbate-atom-charge:   14 0     0.000000000000
Adsorbate-atom-charge:   15 0     0.000000000000
Adsorbate-atom-charge:   16 0     0.000000000000
Adsorbate-atom-charge:   17 0     0.000000000000
Adsorbate-atom-charge:   18 0     0.000000000000
Adsorbate-atom-charge:   19 0     0.000000000000
Adsorbate-atom-charge:   20 0     0.000000000000
Adsorbate-atom-charge:   21 0     0.000000000000
Adsorbate-atom-charge:   22 0     0.000000000000
Adsorbate-atom-charge:   23 0     0.000000000000
Adsorbate-atom-charge:   24 0     0.000000000000
Adsorbate-atom-charge:   25 0     0.000000000000
Adsorbate-atom-charge:   26 0     0.000000000000
Adsorbate-atom-charge:   27 0     0.000000000000
Adsorbate-atom-charge:   28 0     0.000000000000
Adsorbate-atom-charge:   29 0     0.000000000000
Adsorbate-atom-charge:   30 0     0.000000000000
Adsorbate-atom-charge:   31 0     0.000000000000
Adsorbate-atom-charge:   32 0     0.000000000000
Adsorbate-atom-charge:   33 0     0.000000000000
Adsorbate-atom-charge:   34 0     0.000000000000
Adsorbate-atom-charge:   35 0     0.000000000000
Adsorbate-atom-charge:   36 0     0.000000000000
Adsorbate-atom-charge:   37 0     0.000000000000
Adsorbate-atom-charge:   38 0     0.000000000000
Adsorbate-atom-charge:   39 0     0.000000000000
Adsorbate-atom-charge:   40 0     0.000000000000
Adsorbate-atom-charge:   41 0     0.000000000000
Adsorbate-atom-charge:   42 0     0.000000000000
Adsorbate-atom-charge:   43 0     0.000000000000
Adsorbate-atom-charge:   44 0     0.000000000000
Adsorbate-atom-charge:   45 0     0.000000000000
Adsorbate-atom-charge:   46 0     0.000000000000
Adsorbate-atom-charge:   47 0     0.000000000000
Adsorbate-atom-charge:   48 0     0.000000000000
Adsorbate-atom-charge:   49 0     0.000000000000
Adsorbate-atom-charge:   50 0     0.000000000000
Adsorbate-atom-charge:   51 0     0.000000000000
Adsorbate-atom-charge:   52 0     0.000000000000
Adsorbate-atom-charge:   53 0     0.000000000000
Adsorbate-atom-charge:   54 0     0.000000000000
Adsorbate-atom-charge:   55 0     0.000000000000
Adsorbate-atom-charge:   56 0     0.000000000000
Adsorbate-atom-charge:   57 0     0.000000000000
Adsorbate-atom-charge:   58 0     0.000000000000
Adsorbate-atom-charge:   59 0     0.000000000000
Adsorbate-atom-charge:   60 0     0.000000000000
Adsorbate-atom-charge:   61 0     0.000000000000
Adsorbate-atom-charge:   62 0     0.000000000000
Adsorbate-atom-charge:   63 0     0.000000000000
Adsorbate-atom-charge:   64 0     0.000000000000
Adsorbate-atom-charge:   65 0     0.000000000000
Adsorbate-atom-charge:   66 0     0.000000000000
Adsorbate-atom-charge:   67 0     0.000000000000
Adsorbate-atom-charge:   68 0     0.000000000000
Adsorbate-atom-charge:   69 0     0.000000000000
Adsorbate-atom-charge:   70 0     0.000000000000
Adsorbate-atom-charge:   71 0     0.000000000000
Adsorbate-atom-charge:   72 0     0.000000000000
Adsorbate-atom-charge:   73 0     0.000000000000
Adsorbate-atom-charge:   74 0     0.000000000000
Adsorbate-atom-charge:   75 0     0.000000000000
Adsorbate-atom-charge:   76 0     0.000000000000
Adsorbate-atom-charge:   77 0     0.000000000000
Adsorbate-atom-charge:   78 0     0.000000000000
Adsorbate-atom-charge:   79 0     0.000000000000
Adsorbate-atom-charge:   80 0     0.000000000000
Adsorbate-atom-charge:   81 0     0.000000000000
Adsorbate-atom-charge:   82 0     0.000000000000
Adsorbate-atom-charge:   83 0     0.000000000000
Adsorbate-atom-charge:   84 0     0.000000000000
Adsorbate-atom-charge:   85 0     0.000000000000
Adsorbate-atom-charge:   86 0     0.000000000000
Adsorbate-atom-charge:   87 0     0.000000000000
Adsorbate-atom-charge:   88 0     0.000000000000
Adsorbate-atom-charge:   89 0     0.000000000000
Adsorbate-atom-charge:   90 0     0.000000000000
Adsorbate-atom-charge:   91 0     0.000000000000
Adsorbate-atom-charge:   92 0     0.000000000000
Adsorbate-atom-charge:   93 0     0.000000000000
Adsorbate-atom-charge:   94 0     0.000000000000
Adsorbate-atom-charge:   95 0     0.000000000000
Adsorbate-atom-charge:   96 0     0.000000000000
Adsorbate-atom-charge:   97 0     0.000000000000
Adsorbate-atom-charge:   98 0     0.000000000000
Adsorbate-atom-charge:   99 0     0.000000000000
Adsorbate-atom-charge:   100 0     0.000000000000
Adsorbate-atom-charge:   101 0     0.000000000000
Adsorbate-atom-charge:   102 0     0.000000000000
Adsorbate-atom-charge:   103 0     0.000000000000
Adsorbate-atom-charge:   104 0     0.000000000000
Adsorbate-atom-charge:   105 0     0.000000000000
Adsorbate-atom-charge:   106 0     0.000000000000
Adsorbate-atom-charge:   107 0     0.000000000000
Adsorbate-atom-charge:   108 0     0.000000000000
Adsorbate-atom-charge:   109 0     0.000000000000
Adsorbate-atom-charge:   110 0     0.000000000000
Adsorbate-atom-charge:   111 0     0.000000000000
Adsorbate-atom-charge:   112 0     0.000000000000
Adsorbate-atom-charge:   113 0     0.000000000000
Adsorbate-atom-charge:   114 0     0.000000000000
Adsorbate-atom-charge:   115 0     0.000000000000
Adsorbate-atom-charge:   116 0     0.000000000000
Adsorbate-atom-charge:   117 0     0.000000000000
Adsorbate-atom-charge:   118 0     0.000000000000
Adsorbate-atom-charge:   119 0     0.000000000000
Adsorbate-atom-charge:   120 0     0.000000000000
Adsorbate-atom-charge:   121 0     0.000000000000
Adsorbate-atom-charge:   122 0     0.000000000000
Adsorbate-atom-charge:   123 0     0.000000000000
Adsorbate-atom-charge:   124 0     0.000000000000
Adsorbate-atom-charge:   125 0     0.000000000000
Adsorbate-atom-charge:   126 0     0.000000000000
Adsorbate-atom-charge:   127 0     0.000000000000
Adsorbate-atom-charge:   128 0     0.000000000000
Adsorbate-atom-charge:   129 0     0.000000000000
Adsorbate-atom-charge:   130 0     0.000000000000
Adsorbate-atom-charge:   131 0     0.000000000000
Adsorbate-atom-charge:   132 0     0.000000000000
Adsorbate-atom-charge:   133 0     0.000000000000
Adsorbate-atom-charge:   134 0     0.000000000000
Adsorbate-atom-charge:   135 0     0.000000000000
Adsorbate-atom-charge:   136 0     0.000000000000
Adsorbate-atom-charge:   137 0     0.000000000000
Adsorbate-atom-scaling:  0 0     1.000000000000
Adsorbate-atom-scaling:  1 0     1.000000000000
Adsorbate-atom-scaling:  2 0     1.000000000000
Adsorbate-atom-scaling:  3 0     1.000000000000
Adsorbate-atom-scaling:  4 0     1.000000000000
Adsorbate-atom-scaling:  5 0     1.000000000000
Adsorbate-atom-scaling:  6 0     1.000000000000
Adsorbate-atom-scaling:  7 0     1.000000000000
Adsorbate-atom-scaling:  8 0     1.000000000000
Adsorbate-atom-scaling:  9 0     1.000000000000
Adsorbate-atom-scaling:  10 0     1.000000000000
Adsorbate-atom-scaling:  11 0     1.000000000000
Adsorbate-atom-scaling:  12 0     1.000000000000
Adsorbate-atom-scaling:  13 0     1.000000000000
Adsorbate-atom-scaling:  14 0     1.000000000000
Adsorbate-atom-scaling:  15 0     1.000000000000
Adsorbate-atom-scaling:  16 0     1.000000000000
Adsorbate-atom-scaling:  17 0     1.000000000000
Adsorbate-atom-scaling:  18 0     1.000000000000
Adsorbate-atom-scaling:  19 0     1.000000000000
Adsorbate-atom-scaling:  20 0     1.000000000000
Adsorbate-atom-scaling:  21 0     1.000000000000
Adsorbate-atom-scaling:  22 0     1.000000000000
Adsorbate-atom-scaling:  23 0     1.000000000000
Adsorbate-atom-scaling:  24 0     1.000000000000
Adsorbate-atom-scaling:  25 0     1.000000000000
Adsorbate-atom-scaling:  26 0     1.000000000000
Adsorbate-atom-scaling:  27 0     1.000000000000
Adsorbate-atom-scaling:  28 0     1.000000000000
Adsorbate-atom-scaling:  29 0     1.000000000000
Adsorbate-atom-scaling:  30 0     1.000000000000
Adsorbate-atom-scaling:  31 0     1.000000000000
Adsorbate-atom-scaling:  32 0     1.000000000000
Adsorbate-atom-scaling:  33 0     1.000000000000
Adsorbate-atom-scaling:  34 0     1.000000000000
Adsorbate-atom-scaling:  35 0     1.000000000000
Adsorbate-atom-scaling:  36 0     1.000000000000
Adsorbate-atom-scaling:  37 0     1.000000000000
Adsorbate-atom-scaling:  38 0     1.000000000000
Adsorbate-atom-scaling:  39 0     1.000000000000
Adsorbate-atom-scaling:  40 0     1.000000000000
Adsorbate-atom-scaling:  41 0     1.000000000000
Adsorbate-atom-scaling:  42 0     1.000000000000
Adsorbate-atom-scaling:  43 0     1.000000000000
Adsorbate-atom-scaling:  44 0     1.000000000000
Adsorbate-atom-scaling:  45 0     1.000000000000
Adsorbate-atom-scaling:  46 0     1.000000000000
Adsorbate-atom-scaling:  47 0     1.000000000000
Adsorbate-atom-scaling:  48 0     1.000000000000
Adsorbate-atom-scaling:  49 0     1.000000000000
Adsorbate-atom-scaling:  50 0     1.000000000000
Adsorbate-atom-scaling:  51 0     1.000000000000
Adsorbate-atom-scaling:  52 0     1.000000000000
Adsorbate-atom-scaling:  53 0     1.000000000000
Adsorbate-atom-scaling:  54 0     1.000000000000
Adsorbate-atom-scaling:  55 0     1.000000000000
Adsorbate-atom-scaling:  56 0     1.000000000000
Adsorbate-atom-scaling:  57 0     1.000000000000
Adsorbate-atom-scaling:  58 0     1.000000000000
Adsorbate-atom-scaling:  59 0     1.000000000000
Adsorbate-atom-scaling:  60 0     1.000000000000
Adsorbate-atom-scaling:  61 0     1.000000000000
Adsorbate-atom-scaling:  62 0     1.000000000000
Adsorbate-atom-scaling:  63 0     1.000000000000
Adsorbate-atom-scaling:  64 0     1.000000000000
Adsorbate-atom-scaling:  65 0     1.000000000000
Adsorbate-atom-scaling:  66 0     1.000000000000
Adsorbate-atom-scaling:  67 0     1.000000000000
Adsorbate-atom-scaling:  68 0     1.000000000000
Adsorbate-atom-scaling:  69 0     1.000000000000
Adsorbate-atom-scaling:  70 0     1.000000000000
Adsorbate-atom-scaling:  71 0     1.000000000000
Adsorbate-atom-scaling:  72 0     1.000000000000
Adsorbate-atom-scaling:  73 0     1.000000000000
Adsorbate-atom-scaling:  74 0     1.000000000000
Adsorbate-atom-scaling:  75 0     1.000000000000
Adsorbate-atom-scaling:  76 0     1.000000000000
Adsorbate-atom-scaling:  77 0     1.000000000000
Adsorbate-atom-scaling:  78 0     1.000000000000
Adsorbate-atom-scaling:  79 0     1.000000000000
Adsorbate-atom-scaling:  80 0     1.000000000000
Adsorbate-atom-scaling:  81 0     1.000000000000
Adsorbate-atom-scaling:  82 0     1.000000000000
Adsorbate-atom-scaling:  83 0     1.000000000000
Adsorbate-atom-scaling:  84 0     1.000000000000
Adsorbate-atom-scaling:  85 0     1.000000000000
Adsorbate-atom-scaling:  86 0     1.000000000000
Adsorbate-atom-scaling:  87 0     1.000000000000
Adsorbate-atom-scaling:  88 0     1.000000000000
Adsorbate-atom-scaling:  89 0     1.000000000000
Adsorbate-atom-scaling:  90 0     1.000000000000
Adsorbate-atom-scaling:  91 0     1.000000000000
Adsorbate-atom-scaling:  92 0     1.000000000000
Adsorbate-atom-scaling:  93 0     1.000000000000
Adsorbate-atom-scaling:  94 0     1.000000000000
Adsorbate-atom-scaling:  95 0     1.000000000000
Adsorbate-atom-scaling:  96 0     1.000000000000
Adsorbate-atom-scaling:  97 0     1.000000000000
Adsorbate-atom-scaling:  98 0     1.000000000000
Adsorbate-atom-scaling:  99 0     1.000000000000
Adsorbate-atom-scaling:  100 0     1.000000000000
Adsorbate-atom-scaling:  101 0     1.000000000000
Adsorbate-atom-scaling:  102 0     1.000000000000
Adsorbate-atom-scaling:  103 0     1.000000000000
Adsorbate-atom-scaling:  104 0     1.000000000000
Adsorbate-atom-scaling:  105 0     1.000000000000
Adsorbate-atom-scaling:  106 0     1.000000000000
Adsorbate-atom-scaling:  107 0     1.000000000000
Adsorbate-atom-scaling:  108 0     1.000000000000
Adsorbate-atom-scaling:  109 0     1.000000000000
Adsorbate-atom-scaling:  110 0     1.000000000000
Adsorbate-atom-scaling:  111 0     1.000000000000
Adsorbate-atom-scaling:  112 0     1.000000000000
Adsorbate-atom-scaling:  113 0     1.000000000000
Adsorbate-atom-scaling:  114 0     1.000000000000
Adsorbate-atom-scaling:  115 0     1.000000000000
Adsorbate-atom-scaling:  116 0     1.000000000000
Adsorbate-atom-scaling:  117 0     1.000000000000
Adsorbate-atom-scaling:  118 0     1.000000000000
Adsorbate-atom-scaling:  119 0     1.000000000000
Adsorbate-atom-scaling:  120 0     1.000000000000
Adsorbate-atom-scaling:  121 0     1.000000000000
Adsorbate-atom-scaling:  122 0     1.000000000000
Adsorbate-atom-scaling:  123 0     1.000000000000
Adsorbate-atom-scaling:  124 0     1.000000000000
Adsorbate-atom-scaling:  125 0     1.000000000000
Adsorbate-atom-scaling:  126 0     1.000000000000
Adsorbate-atom-scaling:  127 0     1.000000000000
Adsorbate-atom-scaling:  128 0     1.000000000000
Adsorbate-atom-scaling:  129 0     1.000000000000
Adsorbate-atom-scaling:  130 0     1.000000000000
Adsorbate-atom-scaling:  131 0     1.000000000000
Adsorbate-atom-scaling:  132 0     1.000000000000
Adsorbate-atom-scaling:  133 0     1.000000000000
Adsorbate-atom-scaling:  134 0     1.000000000000
Adsorbate-atom-scaling:  135 0     1.000000000000
Adsorbate-atom-scaling:  136 0     1.000000000000
Adsorbate-atom-scaling:  137 0     1.000000000000
Adsorbate-atom-fixed:    0 0       0 0 0
Adsorbate-atom-fixed:    1 0       0 0 0
Adsorbate-atom-fixed:    2 0       0 0 0
Adsorbate-atom-fixed:    3 0       0 0 0
Adsorbate-atom-fixed:    4 0       0 0 0
Adsorbate-atom-fixed:    5 0       0 0 0
Adsorbate-atom-fixed:    6 0       0 0 0
Adsorbate-atom-fixed:    7 0       0 0 0
Adsorbate-atom-fixed:    8 0       0 0 0
Adsorbate-atom-fixed:    9 0       0 0 0
Adsorbate-atom-fixed:    10 0       0 0 0
Adsorbate-atom-fixed:    11 0       0 0 0
Adsorbate-atom-fixed:    12 0       0 0 0
Adsorbate-atom-fixed:    13 0       0 0 0
Adsorbate-atom-fixed:    14 0       0 0 0
Adsorbate-atom-fixed:    15 0       0 0 0
Adsorbate-atom-fixed:    16 0       0 0 0
Adsorbate-atom-fixed:    17 0       0 0 0
Adsorbate-atom-fixed:    18 0       0 0 0
Adsorbate-atom-fixed:    19 0       0 0 0
Adsorbate-atom-fixed:    20 0       0 0 0
Adsorbate-atom-fixed:    21 0       0 0 0
Adsorbate-atom-fixed:    22 0       0 0 0
Adsorbate-atom-fixed:    23 0       0 0 0
Adsorbate-atom-fixed:    24 0       0 0 0
Adsorbate-atom-fixed:    25 0       0 0 0
Adsorbate-atom-fixed:    26 0       0 0 0
Adsorbate-atom-fixed:    27 0       0 0 0
Adsorbate-atom-fixed:    28 0       0 0 0
Adsorbate-atom-fixed:    29 0       0 0 0
Adsorbate-atom-fixed:    30 0       0 0 0
Adsorbate-atom-fixed:    31 0       0 0 0
Adsorbate-atom-fixed:    32 0       0 0 0
Adsorbate-atom-fixed:    33 0       0 0 0
Adsorbate-atom-fixed:    34 0       0 0 0
Adsorbate-atom-fixed:    35 0       0 0 0
Adsorbate-atom-fixed:    36 0       0 0 0
Adsorbate-atom-fixed:    37 0       0 0 0
Adsorbate-atom-fixed:    38 0       0 0 0
Adsorbate-atom-fixed:    39 0       0 0 0
Adsorbate-atom-fixed:    40 0       0 0 0
Adsorbate-atom-fixed:    41 0       0 0 0
Adsorbate-atom-fixed:    42 0       0 0 0
Adsorbate-atom-fixed:    43 0       0 0 0
Adsorbate-atom-fixed:    44 0       0 0 0
Adsorbate-atom-fixed:    45 0       0 0 0
Adsorbate-atom-fixed:    46 0       0 0 0
Adsorbate-atom-fixed:    47 0       0 0 0
Adsorbate-atom-fixed:    48 0       0 0 0
Adsorbate-atom-fixed:    49 0       0 0 0
Adsorbate-atom-fixed:    50 0       0 0 0
Adsorbate-atom-fixed:    51 0       0 0 0
Adsorbate-atom-fixed:    52 0       0 0 0
Adsorbate-atom-fixed:    53 0       0 0 0
Adsorbate-atom-fixed:    54 0       0 0 0
Adsorbate-atom-fixed:    55 0       0 0 0
Adsorbate-atom-fixed:    56 0       0 0 0
Adsorbate-atom-fixed:    57 0       0 0 0
Adsorbate-atom-fixed:    58 0       0 0 0
Adsorbate-atom-fixed:    59 0       0 0 0
Adsorbate-atom-fixed:    60 0       0 0 0
Adsorbate-atom-fixed:    61 0       0 0 0
Adsorbate-atom-fixed:    62 0       0 0 0
Adsorbate-atom-fixed:    63 0       0 0 0
Adsorbate-atom-fixed:    64 0       0 0 0
Adsorbate-atom-fixed:    65 0       0 0 0
Adsorbate-atom-fixed:    66 0       0 0 0
Adsorbate-atom-fixed:    67 0       0 0 0
Adsorbate-atom-fixed:    68 0       0 0 0
Adsorbate-atom-fixed:    69 0       0 0 0
Adsorbate-atom-fixed:    70 0       0 0 0
Adsorbate-atom-fixed:    71 0       0 0 0
Adsorbate-atom-fixed:    72 0       0 0 0
Adsorbate-atom-fixed:    73 0       0 0 0
Adsorbate-atom-fixed:    74 0       0 0 0
Adsorbate-atom-fixed:    75 0       0 0 0
Adsorbate-atom-fixed:    76 0       0 0 0
Adsorbate-atom-fixed:    77 0       0 0 0
Adsorbate-atom-fixed:    78 0       0 0 0
Adsorbate-atom-fixed:    79 0       0 0 0
Adsorbate-atom-fixed:    80 0       0 0 0
Adsorbate-atom-fixed:    81 0       0 0 0
Adsorbate-atom-fixed:    82 0       0 0 0
Adsorbate-atom-fixed:    83 0       0 0 0
Adsorbate-atom-fixed:    84 0       0 0 0
Adsorbate-atom-fixed:    85 0       0 0 0
Adsorbate-atom-fixed:    86 0       0 0 0
Adsorbate-atom-fixed:    87 0       0 0 0
Adsorbate-atom-fixed:    88 0       0 0 0
Adsorbate-atom-fixed:    89 0       0 0 0
Adsorbate-atom-fixed:    90 0       0 0 0
Adsorbate-atom-fixed:    91 0       0 0 0
Adsorbate-atom-fixed:    92 0       0 0 0
Adsorbate-atom-fixed:    93 0       0 0 0
Adsorbate-atom-fixed:    94 0       0 0 0
Adsorbate-atom-fixed:    95 0       0 0 0
Adsorbate-atom-fixed:    96 0       0 0 0
Adsorbate-atom-fixed:    97 0       0 0 0
Adsorbate-atom-fixed:    98 0       0 0 0
Adsorbate-atom-fixed:    99 0       0 0 0
Adsorbate-atom-fixed:    100 0       0 0 0
Adsorbate-atom-fixed:    101 0       0 0 0
Adsorbate-atom-fixed:    102 0       0 0 0
Adsorbate-atom-fixed:    103 0       0 0 0
Adsorbate-atom-fixed:    104 0       0 0 0
Adsorbate-atom-fixed:    105 0       0 0 0
Adsorbate-atom-fixed:    106 0       0 0 0
Adsorbate-atom-fixed:    107 0       0 0 0
Adsorbate-atom-fixed:    108 0       0 0 0
Adsorbate-atom-fixed:    109 0       0 0 0
Adsorbate-atom-fixed:    110 0       0 0 0
Adsorbate-atom-fixed:    111 0       0 0 0
Adsorbate-atom-fixed:    112 0       0 0 0
Adsorbate-atom-fixed:    113 0       0 0 0
Adsorbate-atom-fixed:    114 0       0 0 0
Adsorbate-atom-fixed:    115 0       0 0 0
Adsorbate-atom-fixed:    116 0       0 0 0
Adsorbate-atom-fixed:    117 0       0 0 0
Adsorbate-atom-fixed:    118 0       0 0 0
Adsorbate-atom-fixed:    119 0       0 0 0
Adsorbate-atom-fixed:    120 0       0 0 0
Adsorbate-atom-fixed:    121 0       0 0 0
Adsorbate-atom-fixed:    122 0       0 0 0
Adsorbate-atom-fixed:    123 0       0 0 0
Adsorbate-atom-fixed:    124 0       0 0 0
Adsorbate-atom-fixed:    125 0       0 0 0
Adsorbate-atom-fixed:    126 0       0 0 0
Adsorbate-atom-fixed:    127 0       0 0 0
Adsorbate-atom-fixed:    128 0       0 0 0
Adsorbate-atom-fixed:    129 0       0 0 0
Adsorbate-atom-fixed:    130 0       0 0 0
Adsorbate-atom-fixed:    131 0       0 0 0
Adsorbate-atom-fixed:    132 0       0 0 0
Adsorbate-atom-fixed:    133 0       0 0 0
Adsorbate-atom-fixed:    134 0       0 0 0
Adsorbate-atom-fixed:    135 0       0 0 0
Adsorbate-atom-fixed:    136 0       0 0 0
Adsorbate-atom-fixed:    137 0       0 0 0


