Cell info:
========================================================================
number-of-unit-cells: 2 2 2
unit-cell-vector-a:    26.343000000000     0.000000000000     0.000000000000
unit-cell-vector-b:     0.000000000000    26.343000000000     0.000000000000
unit-cell-vector-c:     0.000000000000     0.000000000000    26.343000000000

cell-vector-a:    52.686000000000     0.000000000000     0.000000000000
cell-vector-b:     0.000000000000    52.686000000000     0.000000000000
cell-vector-c:     0.000000000000     0.000000000000    52.686000000000

cell-lengths:    26.343000000000    26.343000000000    26.343000000000
cell-angles:    90.000000000000    90.000000000000    90.000000000000


Maximum changes for MC-moves:
========================================================================
Maximum-volume-change: 0.000500
Maximum-Gibbs-volume-change: 0.000500
Maximum-box-shape-change: 0.100000 0.100000 0.100000, 0.100000 0.100000 0.100000, 0.100000 0.100000 0.100000


Acceptance targets for MC-moves:
========================================================================
Target-volume-change: 0.500000
Target-box-shape-change: 0.500000
Target-Gibbs-volume-change: 0.500000


Components: 1 (Adsorbates 164, Cations 0)
========================================================================
Component 0 (argon)
	Fractional-molecule-id component 0: -1
	Lambda-factors component 0:  0.000000
	Number-of-biasing-factors component 0: 21
	Biasing-factors component 0:  0.000000 0.000000 0.000000 0.000000 0.000000 0.000000 0.000000 0.000000 0.000000 0.000000 0.000000 0.000000 0.000000 0.000000 0.000000 0.000000 0.000000 0.000000 0.000000 0.000000 0.000000
	Maximum-CF-Lambda-change component 0: 0.500000
	Maximum-CBCF-Lambda-change component 0: 0.500000

	Maximum-translation-change component 0: 0.372188,0.373088,0.313793
	Maximum-translation-in-plane-change component 0: 0.000000,0.000000,0.000000
	Maximum-rotation-change component 0: 0.017453 0.017453 0.017453

Reactions: 0

Component: 0     Adsorbate    164 molecules of argon
------------------------------------------------------------------------
Adsorbate-atom-position: 0 0    19.929926376261    19.920146821711    19.717690061318
Adsorbate-atom-position: 1 0    19.051631881165    32.567519956935     7.433668745263
Adsorbate-atom-position: 2 0     8.398630280411    48.015438091404     8.282360891632
Adsorbate-atom-position: 3 0    19.931827556571    19.943774814458    32.552034056469
Adsorbate-atom-position: 4 0    44.270168024776    30.905319174938     8.902600317918
Adsorbate-atom-position: 5 0    47.769880257955    47.689915272734    31.220884959894
Adsorbate-atom-position: 6 0    17.198040322485     9.566378507739    22.272603463248
Adsorbate-atom-position: 7 0     3.821226460396    43.901964095459    35.352356353524
Adsorbate-atom-position: 8 0    21.779483428288     4.737023217657     4.385114258499
Adsorbate-atom-position: 9 0    43.536202132146     8.896074173034    30.846541543641
Adsorbate-atom-position: 10 0     7.233209417366    19.634518380837    32.036916213265
Adsorbate-atom-position: 11 0    19.548290808638     5.584117459287    45.893951726643
Adsorbate-atom-position: 12 0    46.455655792784    32.920249530428     6.373220768231
Adsorbate-atom-position: 13 0    33.513335465398    45.723977203389     6.432642140565
Adsorbate-atom-position: 14 0     4.716813462424     8.422633325438    43.924619031038
Adsorbate-atom-position: 15 0    20.134847287079    46.947626136478     5.920586974038
Adsorbate-atom-position: 16 0    33.345864497113    19.783888403978    33.644755003153
Adsorbate-atom-position: 17 0     8.634060550356    30.893740825876     8.866534889135
Adsorbate-atom-position: 18 0     4.842281845098    48.283354614040    48.129556347355
Adsorbate-atom-position: 19 0     7.620198614338     6.051384830488     6.983146215965
Adsorbate-atom-position: 20 0    46.476155874212    32.983577833546    32.894683889387
Adsorbate-atom-position: 21 0    32.664775832236    20.189017608093    45.553396943864
Adsorbate-atom-position: 22 0    20.945705770108    31.826178990791    20.874381517511
Adsorbate-atom-position: 23 0    20.506983619927    33.070735734976    33.692694000367
Adsorbate-atom-position: 24 0    31.764484372272    45.346792061395    45.490986757904
Adsorbate-atom-position: 25 0    29.938540710003    17.264483677769    43.574787330483
Adsorbate-atom-position: 26 0    35.142332435393    21.956615453072    16.787376407732
Adsorbate-atom-position: 27 0    35.076643568272     3.853286528912     8.956287478905
Adsorbate-atom-position: 28 0    46.946708588197    19.445037151413    46.201085090680
Adsorbate-atom-position: 29 0     6.944777376499    19.662313010393    46.811458787532
Adsorbate-atom-position: 30 0    18.582821969285    31.995681878925    44.698788628486
Adsorbate-atom-position: 31 0    21.457319968751    17.965366292947     8.500851599558
Adsorbate-atom-position: 32 0    47.965609788638    47.743491951440     4.924830909064
Adsorbate-atom-position: 33 0    46.289094866889    20.077563920344     5.855857085601
Adsorbate-atom-position: 34 0     3.333134074385    43.347871422644     9.437278335554
Adsorbate-atom-position: 35 0    19.868690713187    20.518546752188     6.512083914622
Adsorbate-atom-position: 36 0    45.810800831126    32.693699255394    45.575858046286
Adsorbate-atom-position: 37 0    35.161528971949    43.607102732878     4.254510974711
Adsorbate-atom-position: 38 0    43.766282099203     8.746598308657     4.473753645347
Adsorbate-atom-position: 39 0     7.574069378788     6.648889551227    46.512725582291
Adsorbate-atom-position: 40 0    21.998523848191    17.241357061785    17.453280598504
Adsorbate-atom-position: 41 0     9.243923060259     8.997438438421    30.617739392768
Adsorbate-atom-position: 42 0    33.400763451519    33.140563018286     6.504275648066
Adsorbate-atom-position: 43 0    43.373956343646    22.154276880789    35.069400702229
Adsorbate-atom-position: 44 0     8.264875157140     5.033381235752    17.842005974149
Adsorbate-atom-position: 45 0     8.352944930412    48.283593225405    18.047632937535
Adsorbate-atom-position: 46 0    35.501505438512    35.502726918697    48.700090655275
Adsorbate-atom-position: 47 0    31.877491566987     6.918000597024    33.334638816377
Adsorbate-atom-position: 48 0    48.277987689873    35.241469822503    43.660018350647
Adsorbate-atom-position: 49 0    35.332534303804    35.521883765618    22.050543951405
Adsorbate-atom-position: 50 0    44.840020881561    44.664366451830    31.665086013209
Adsorbate-atom-position: 51 0    48.238843997565    48.238625305788    48.272913889599
Adsorbate-atom-position: 52 0     6.182359830811    33.571382682082    33.103709639971
Adsorbate-atom-position: 53 0     4.258354326187    30.895111953692    21.606006467207
Adsorbate-atom-position: 54 0    30.736079687100    43.498988779452    16.861083551875
Adsorbate-atom-position: 55 0    31.740888864837    45.556488222713    33.969051328660
Adsorbate-atom-position: 56 0    19.061036713328    46.768289784332    18.969115096327
Adsorbate-atom-position: 57 0    47.818577066923    21.226343380552    31.239803020265
Adsorbate-atom-position: 58 0    30.926473513068    35.202073676629    35.185719176961
Adsorbate-atom-position: 59 0    47.291146905555    19.037206541263    33.827084414865
Adsorbate-atom-position: 60 0    30.826811605607    43.765434556979     8.436113114429
Adsorbate-atom-position: 61 0     4.633780687197    31.372774383411     4.759563083337
Adsorbate-atom-position: 62 0    48.464492266321    35.401327146971    17.681723131162
Adsorbate-atom-position: 63 0    43.148568814234    17.524401083388    48.237778238526
Adsorbate-atom-position: 64 0    33.283514429907     7.137845654646    46.387364881255
Adsorbate-atom-position: 65 0    20.008064071922     6.701279958390     7.456810800809
Adsorbate-atom-position: 66 0    35.106612465526    17.001054672965     4.318987388686
Adsorbate-atom-position: 67 0    48.214025933572    30.249795115778    48.353502719242
Adsorbate-atom-position: 68 0    24.768911044344    13.056050552481    31.831648874507
Adsorbate-atom-position: 69 0    17.376629810252     8.778361273885    48.093383845448
Adsorbate-atom-position: 70 0     8.222617117231    21.620398312971    35.131555504381
Adsorbate-atom-position: 71 0    46.203107203064    45.511693720341    46.732432543406
Adsorbate-atom-position: 72 0    17.464619458379    48.436750826516    35.013191691039
Adsorbate-atom-position: 73 0    48.393436343812     4.290387551148    30.726113452634
Adsorbate-atom-position: 74 0     4.714932883116    17.539675536571    17.930073136041
Adsorbate-atom-position: 75 0     9.017568200861    34.930377773126    30.842772355962
Adsorbate-atom-position: 76 0    33.481610222636     5.922448359808    19.251829896216
Adsorbate-atom-position: 77 0    17.673648555978    43.954535628622    21.778368271818
Adsorbate-atom-position: 78 0    29.829807442062    48.741662821716    30.034530885424
Adsorbate-atom-position: 79 0    17.380725172084    17.006427576690    48.537048134426
Adsorbate-atom-position: 80 0     5.843133323761    45.499324634913     7.811934111306
Adsorbate-atom-position: 81 0    46.565832653562     6.600702786459    46.644076693182
Adsorbate-atom-position: 82 0    22.027028375682     4.105607095839    21.789246232067
Adsorbate-atom-position: 83 0     9.493014347025     3.990069022232     9.072205895036
Adsorbate-atom-position: 84 0    44.205664287486    44.196239431342     4.775176178754
Adsorbate-atom-position: 85 0    35.164578367127    17.571193723340    21.852277760548
Adsorbate-atom-position: 86 0     4.063402865315    48.358218714407    30.361962407270
Adsorbate-atom-position: 87 0    48.087143777198    44.163661982015    17.562442435550
Adsorbate-atom-position: 88 0     5.942821350504    33.028134168973    45.756551071117
Adsorbate-atom-position: 89 0    17.328782574853    30.745583664646    35.498085201625
Adsorbate-atom-position: 90 0    21.795854931308    44.281126366987    34.849206806275
Adsorbate-atom-position: 91 0    19.158203947294    19.945479253861    45.569517617868
Adsorbate-atom-position: 92 0    45.742158058786    19.917574353130    19.451625705424
Adsorbate-atom-position: 93 0    35.678466409381     4.223743730373    16.739646827177
Adsorbate-atom-position: 94 0    21.595470514957    34.499573030585    44.610419417892
Adsorbate-atom-position: 95 0    44.644280127338     7.999670765816    21.428488706468
Adsorbate-atom-position: 96 0    31.164975591319     8.144799347519    18.044529247528
Adsorbate-atom-position: 97 0     7.132804583254    45.710628259803    46.330120603874
Adsorbate-atom-position: 98 0     5.620172275638    19.760805057670     6.939681030407
Adsorbate-atom-position: 99 0    17.538907791661    17.696739579259    21.633575103660
Adsorbate-atom-position: 100 0    20.267973443145     6.485457182451    32.503774498495
Adsorbate-atom-position: 101 0     6.982268603440    32.677660843482    19.523781281681
Adsorbate-atom-position: 102 0    45.624563762039    32.147585097612    19.256553493578
Adsorbate-atom-position: 103 0    34.796374451822    30.925906602665    34.938278375901
Adsorbate-atom-position: 104 0    43.946715371767    48.449583597578     8.513904767765
Adsorbate-atom-position: 105 0    47.174879236606     6.550978397748     6.170599587152
Adsorbate-atom-position: 106 0    43.776399623390    35.649817168891     4.124571325428
Adsorbate-atom-position: 107 0    30.877685617252    30.799360652500    48.915017175817
Adsorbate-atom-position: 108 0     8.520338927936    44.321073404029    31.050091841938
Adsorbate-atom-position: 109 0     6.344700868290    46.616066940813    32.904237256141
Adsorbate-atom-position: 110 0    32.855176930560    32.899323200675    46.389727668199
Adsorbate-atom-position: 111 0    19.229089478806    46.608609615690    46.437223806838
Adsorbate-atom-position: 112 0     7.331071375742    33.297879694092     6.325815844401
Adsorbate-atom-position: 113 0     6.767425241622     7.685858028320    20.143531846974
Adsorbate-atom-position: 114 0     4.121328395959    21.710802723022    31.044755579086
Adsorbate-atom-position: 115 0     6.970913625000    20.235865445426    19.784956828320
Adsorbate-atom-position: 116 0    33.596285970334    32.587805302749    19.171641691016
Adsorbate-atom-position: 117 0    33.415432246377    47.011743135215    19.362761553294
Adsorbate-atom-position: 118 0    19.569106640898     6.659377245011    20.265101153995
Adsorbate-atom-position: 119 0     6.737185220136     6.160365102815    32.517846206223
Adsorbate-atom-position: 120 0    43.729109641063     4.408035883133    35.299648779231
Adsorbate-atom-position: 121 0    47.262086294527    44.888464305907    34.454443395828
Adsorbate-atom-position: 122 0    46.305810708665     6.610133009794    33.630313523337
Adsorbate-atom-position: 123 0     4.100086323394    22.291236651592    48.884770385448
Adsorbate-atom-position: 124 0     4.732896180770     4.480710679843    21.824994240537
Adsorbate-atom-position: 125 0    30.978412387454    21.410190857876    31.278339378539
Adsorbate-atom-position: 126 0    24.156076369082    43.648719167727    26.493152923525
Adsorbate-atom-position: 127 0    33.167853957825    19.988383683111     6.015731717777
Adsorbate-atom-position: 128 0    46.766089018274    45.231867990823     7.508993293410
Adsorbate-atom-position: 129 0    21.795909853178     4.145887470746    30.005437632573
Adsorbate-atom-position: 130 0    17.453020110255    35.319005137734    30.540422486014
Adsorbate-atom-position: 131 0    44.875552744526    46.447889056407    19.094245730645
Adsorbate-atom-position: 132 0    44.235369480547    44.354557102493    21.914207626097
Adsorbate-atom-position: 133 0    33.029045751232     6.129297047238     6.483742537008
Adsorbate-atom-position: 134 0    32.091679928083    31.790466746102    32.367817073678
Adsorbate-atom-position: 135 0     8.677713455846    30.948768208917    34.932800339087
Adsorbate-atom-position: 136 0     8.987652999169    35.496581819711    21.933950563498
Adsorbate-atom-position: 137 0    48.195580482824    21.870061073289    21.835142128287
Adsorbate-atom-position: 138 0    44.800875111903     5.496262743293    18.617435563383
Adsorbate-atom-position: 139 0    32.468093861473    19.434848149113    18.679532412210
Adsorbate-atom-position: 140 0    44.271252414998    48.031194406508    34.710766412604
Adsorbate-atom-position: 141 0     6.153129228629    45.637416426648    19.109579597753
Adsorbate-atom-position: 142 0    16.870015079750     9.257458799426    30.113048985023
Adsorbate-atom-position: 143 0    47.727011123092     5.033057031820    21.322426152448
Adsorbate-atom-position: 144 0    30.752227618880    21.699796443328    21.781715736262
Adsorbate-atom-position: 145 0    16.892321537071    48.785131976611     8.918807044143
Adsorbate-atom-position: 146 0    30.705743170939    35.538598988340     8.809886625444
Adsorbate-atom-position: 147 0    35.294531423369    43.951096333254    21.712111994516
Adsorbate-atom-position: 148 0    22.054085218575    48.569625811370    48.222980506883
Adsorbate-atom-position: 149 0    35.787682795404    35.683227858363     3.765993172173
Adsorbate-atom-position: 150 0     8.976249321476     9.001775767886    22.540403004433
Adsorbate-atom-position: 151 0     4.677164257722     8.628939414279     8.898696763297
Adsorbate-atom-position: 152 0    35.423281029969    48.710498663104    36.009314608485
Adsorbate-atom-position: 153 0    18.557015543599    34.042461397159    47.172980119579
Adsorbate-atom-position: 154 0    22.072244563375     9.545851616474    35.642474631164
Adsorbate-atom-position: 155 0    18.171004568441    31.184652250681    17.948255093836
Adsorbate-atom-position: 156 0    22.163027177660    44.048807793827    16.930402743352
Adsorbate-atom-position: 157 0     3.957132534363    35.561200249039    17.390394005205
Adsorbate-atom-position: 158 0     4.016766012869    48.728959680583    21.829974424186
Adsorbate-atom-position: 159 0    35.181518242888    22.445438873898     9.753497363908
Adsorbate-atom-position: 160 0    42.981283642926     4.512108527298    43.437758582089
Adsorbate-atom-position: 161 0    39.626219773588    23.183492100882     2.970356221106
Adsorbate-atom-position: 162 0    16.665088550268    21.913859295240     9.038475285081
Adsorbate-atom-position: 163 0     8.632163119504    28.264483019192    26.487607789428
Adsorbate-atom-velocity: 0 0     0.695781093305    -0.602927572294    -1.738804202580
Adsorbate-atom-velocity: 1 0    -2.190671734530    -2.261789127166    -0.469549698628
Adsorbate-atom-velocity: 2 0    -2.415944489941    -0.291366741630    -1.329854840502
Adsorbate-atom-velocity: 3 0     0.615973780614     0.456208424470    -2.478779445436
Adsorbate-atom-velocity: 4 0    -0.087336994199     1.703140596986    -0.500833410621
Adsorbate-atom-velocity: 5 0     0.259302271035     0.824048661414     1.643715158475
Adsorbate-atom-velocity: 6 0    -0.595268910529     1.137670945626     0.388563181054
Adsorbate-atom-velocity: 7 0     2.784756129787    -0.776176664829     0.818973730920
Adsorbate-atom-velocity: 8 0     2.343219435343     1.823478100709    -1.049251070920
Adsorbate-atom-velocity: 9 0     1.654657065388    -1.142156935219     2.317402847428
Adsorbate-atom-velocity: 10 0    -1.688151739772    -0.271520039334    -1.419460886935
Adsorbate-atom-velocity: 11 0     2.108910434563    -0.150258050814     0.011558302724
Adsorbate-atom-velocity: 12 0     0.145284741908     0.384306311926    -1.649649230289
Adsorbate-atom-velocity: 13 0    -2.197320059342    -4.401697668888    -0.144997127903
Adsorbate-atom-velocity: 14 0    -1.072447653218     2.394022160021     2.145401772558
Adsorbate-atom-velocity: 15 0     3.147828914758     1.110604519149     0.483575229332
Adsorbate-atom-velocity: 16 0    -0.979632225600     0.628023536566    -2.093022473330
Adsorbate-atom-velocity: 17 0     0.379043423428    -0.484406690226     0.778174553999
Adsorbate-atom-velocity: 18 0     0.127711019532     0.582693940825    -0.152518162482
Adsorbate-atom-velocity: 19 0    -0.083995241925    -1.127699054324    -0.010888313910
Adsorbate-atom-velocity: 20 0    -1.298453872927     0.698846529982    -0.673295222905
Adsorbate-atom-velocity: 21 0    -2.557907290629    -1.954906992984     0.543574944420
Adsorbate-atom-velocity: 22 0    -1.502389758050     1.511672547704     1.079461200667
Adsorbate-atom-velocity: 23 0    -1.505193346037    -2.225886363284    -1.336057962672
Adsorbate-atom-velocity: 24 0     0.536832064867     0.313126295318    -0.553379254753
Adsorbate-atom-velocity: 25 0     0.179161638719     0.740729275990    -2.125281106241
Adsorbate-atom-velocity: 26 0     1.022838516031    -1.616188646593    -0.652129726076
Adsorbate-atom-velocity: 27 0    -0.625807497613    -1.401249132418     3.088515278921
Adsorbate-atom-velocity: 28 0     0.574734926451    -0.374126282242     0.554690530770
Adsorbate-atom-velocity: 29 0     1.547114921362     2.476163812613     1.153895827901
Adsorbate-atom-velocity: 30 0     1.751868015911    -0.619620662071    -1.442655843077
Adsorbate-atom-velocity: 31 0    -1.833578594691    -0.996034399943    -0.213607336960
Adsorbate-atom-velocity: 32 0    -1.458981515095     1.250089148821     1.194832539329
Adsorbate-atom-velocity: 33 0     1.032657848869     1.357920796382     1.018439250950
Adsorbate-atom-velocity: 34 0     0.886203974367    -1.088628133405    -1.031908624151
Adsorbate-atom-velocity: 35 0    -0.493861403937     0.825257102812    -0.173546569175
Adsorbate-atom-velocity: 36 0     0.927790094772    -1.354621495443    -0.788736168133
Adsorbate-atom-velocity: 37 0    -0.852685755985     2.351443883696     0.141999749740
Adsorbate-atom-velocity: 38 0     0.555257472561    -0.403834413914    -1.457871618736
Adsorbate-atom-velocity: 39 0    -0.751807974516    -0.510304394222    -1.737839253167
Adsorbate-atom-velocity: 40 0     0.708137581030     2.317944936030     1.235851322977
Adsorbate-atom-velocity: 41 0     0.719250342802     0.534970493079     0.290201275259
Adsorbate-atom-velocity: 42 0     0.694914151875     1.629900420927     1.360308139919
Adsorbate-atom-velocity: 43 0     2.351274767549     0.339984966306     0.501572326638
Adsorbate-atom-velocity: 44 0    -2.199596434092     0.919790413347     0.168577760023
Adsorbate-atom-velocity: 45 0    -0.783955615222    -0.308387628763    -0.670611154394
Adsorbate-atom-velocity: 46 0    -1.164776241304    -1.056413760738    -1.974552764058
Adsorbate-atom-velocity: 47 0     1.979561600456     0.111849385221    -1.987425482590
Adsorbate-atom-velocity: 48 0    -1.145897909013    -1.470454895066    -2.278721420925
Adsorbate-atom-velocity: 49 0    -1.082955774532     1.944118104484     1.596129819566
Adsorbate-atom-velocity: 50 0    -1.097935128533     1.622728616730     0.543623283334
Adsorbate-atom-velocity: 51 0     0.546304047800    -0.551947565844    -2.218713812767
Adsorbate-atom-velocity: 52 0     0.909578103841    -2.351890541576    -1.797469465080
Adsorbate-atom-velocity: 53 0     0.614808815934     1.669191546608     1.279693158239
Adsorbate-atom-velocity: 54 0    -0.173197904606     0.935107542390     0.384075471771
Adsorbate-atom-velocity: 55 0     1.887140265995     1.328310518000    -0.994063937026
Adsorbate-atom-velocity: 56 0     1.506232266442     1.155064837831     0.486411830424
Adsorbate-atom-velocity: 57 0    -0.479893758096    -1.795362001918     1.686861221716
Adsorbate-atom-velocity: 58 0     2.993045734966    -0.032761722639    -0.340475172340
Adsorbate-atom-velocity: 59 0    -0.490206285632    -1.024018745818    -1.000474253342
Adsorbate-atom-velocity: 60 0    -0.286718517756    -0.949335385354    -0.533472300489
Adsorbate-atom-velocity: 61 0     0.295497054512     0.808267377425    -0.754188752779
Adsorbate-atom-velocity: 62 0    -1.394877119051    -0.085385603483     0.857601633273
Adsorbate-atom-velocity: 63 0     1.270264510084     0.120648565226     0.565462275695
Adsorbate-atom-velocity: 64 0     0.063120510576    -0.469401488131    -0.352945229320
Adsorbate-atom-velocity: 65 0    -0.437404961713     0.936617472037    -0.325278984554
Adsorbate-atom-velocity: 66 0    -0.071027467597    -1.187039706377    -0.762589832572
Adsorbate-atom-velocity: 67 0     1.841513491583     0.381216575158    -0.087096465163
Adsorbate-atom-velocity: 68 0     0.694929198919    -1.893983669595    -0.904650506442
Adsorbate-atom-velocity: 69 0     0.666512244430     1.267755734479     0.973186313770
Adsorbate-atom-velocity: 70 0     1.154441054985     0.555337728264    -0.613767027435
Adsorbate-atom-velocity: 71 0    -1.961326710144    -2.022912282080    -0.586887457451
Adsorbate-atom-velocity: 72 0    -2.586398031689    -1.450003270486     0.264035089478
Adsorbate-atom-velocity: 73 0     0.201580540903     1.419672365283    -1.227961552489
Adsorbate-atom-velocity: 74 0     1.520948615834    -0.200310397067     1.089370934475
Adsorbate-atom-velocity: 75 0     1.310731819951     1.571589138379    -1.150770460082
Adsorbate-atom-velocity: 76 0    -1.802623426619     0.450513274905     1.959359861542
Adsorbate-atom-velocity: 77 0     1.427517214264     0.789222391171    -2.592578524883
Adsorbate-atom-velocity: 78 0     0.615993748743     0.045938842301     0.084822045307
Adsorbate-atom-velocity: 79 0     3.314935353545    -0.938248155948    -1.727260836543
Adsorbate-atom-velocity: 80 0     1.379613528081     0.176709216212    -2.576287637961
Adsorbate-atom-velocity: 81 0     0.013743089200    -0.704762406055     0.022389220060
Adsorbate-atom-velocity: 82 0     1.475725627868    -2.391178108641     0.583858277965
Adsorbate-atom-velocity: 83 0    -0.858204392966     1.245654553106     0.148086590809
Adsorbate-atom-velocity: 84 0    -1.045241108147    -0.990551715979    -0.858176281465
Adsorbate-atom-velocity: 85 0     1.325788859518     0.551627037363    -0.861288277403
Adsorbate-atom-velocity: 86 0    -1.110732411176     3.007609023960     2.492874911015
Adsorbate-atom-velocity: 87 0    -1.416895950590     0.118486217479    -1.053945096115
Adsorbate-atom-velocity: 88 0    -0.954841650608     0.605290512003    -2.602232643206
Adsorbate-atom-velocity: 89 0    -0.313297825621     0.008413840794    -3.182335267552
Adsorbate-atom-velocity: 90 0    -1.347818465704     0.205086217737     1.774324363105
Adsorbate-atom-velocity: 91 0     0.032179236838     2.351155864055     0.246867445613
Adsorbate-atom-velocity: 92 0     0.761206687866    -1.349280470645     1.330659850215
Adsorbate-atom-velocity: 93 0    -0.814433632183    -0.872474720091     1.386358894422
Adsorbate-atom-velocity: 94 0     0.977626213737     0.747618877435     0.784459274311
Adsorbate-atom-velocity: 95 0     0.783997727214    -2.247836003018     1.862049306138
Adsorbate-atom-velocity: 96 0    -0.374689167916    -0.529694262529     0.433048419589
Adsorbate-atom-velocity: 97 0     0.543687271651    -0.086349564438     0.943360303038
Adsorbate-atom-velocity: 98 0     0.711646353733     3.109783825532    -1.453603133763
Adsorbate-atom-velocity: 99 0     0.054901237912    -1.975406864976    -1.894737496019
Adsorbate-atom-velocity: 100 0    -0.995143832712    -1.163082185034     0.503352639412
Adsorbate-atom-velocity: 101 0    -3.076289388883     0.700518698057    -3.111835733636
Adsorbate-atom-velocity: 102 0    -2.055453722258     1.032723097922     0.563906388528
Adsorbate-atom-velocity: 103 0    -1.585962295284     1.296849613421     0.087666334806
Adsorbate-atom-velocity: 104 0     0.532332973143     1.999129520435     2.352653438231
Adsorbate-atom-velocity: 105 0     0.670199095022    -0.073167438647    -0.741479048758
Adsorbate-atom-velocity: 106 0    -0.091240454365     0.302000466768     0.374573600481
Adsorbate-atom-velocity: 107 0     1.782588243043     0.088794543944    -0.796056812163
Adsorbate-atom-velocity: 108 0     1.893068498374    -0.075214612661     3.067942775298
Adsorbate-atom-velocity: 109 0    -0.503891635896     1.733381693367     0.245453300636
Adsorbate-atom-velocity: 110 0     0.314799334018    -0.001023853602    -0.156659154850
Adsorbate-atom-velocity: 111 0    -2.489688179525     1.249335697546    -0.991511371995
Adsorbate-atom-velocity: 112 0     2.030197295278    -0.281711632639    -3.414858902463
Adsorbate-atom-velocity: 113 0     0.817612324148     0.335672374052    -1.656137951218
Adsorbate-atom-velocity: 114 0     0.496664244284     1.520242279207     1.141004198647
Adsorbate-atom-velocity: 115 0    -1.437646466201    -0.173534957628     0.851169880839
Adsorbate-atom-velocity: 116 0     0.839059798009    -0.732371288390     0.037000893214
Adsorbate-atom-velocity: 117 0     2.361674311005     0.622645918499    -1.157267732334
Adsorbate-atom-velocity: 118 0     1.803488192244     0.830310169858    -1.047613298460
Adsorbate-atom-velocity: 119 0     2.576565446286    -0.486184306819    -0.245084371356
Adsorbate-atom-velocity: 120 0     0.405324095406    -0.834889054442    -1.245436462411
Adsorbate-atom-velocity: 121 0     0.232437873498    -1.747369159508    -2.164048804191
Adsorbate-atom-velocity: 122 0    -1.663742132620     2.745481464771     1.952297244424
Adsorbate-atom-velocity: 123 0     0.091037440309    -1.366707889364     0.624465420910
Adsorbate-atom-velocity: 124 0    -1.715131724631     1.628024605225    -0.623980496839
Adsorbate-atom-velocity: 125 0     0.896542157745    -0.715911758692     0.584256930431
Adsorbate-atom-velocity: 126 0    -2.297482838368     1.364599227086     0.711433764529
Adsorbate-atom-velocity: 127 0    -0.774140698130     1.122925669634    -0.774390100701
Adsorbate-atom-velocity: 128 0     1.692263381644     1.383876023617    -0.231327088170
Adsorbate-atom-velocity: 129 0    -1.083339571174     1.541440764016    -1.281096531768
Adsorbate-atom-velocity: 130 0    -2.025643452727     2.751569957212    -0.100423047165
Adsorbate-atom-velocity: 131 0     1.230149344580    -4.043834258802    -1.003385177692
Adsorbate-atom-velocity: 132 0     0.011478835719    -2.387199304738    -2.028070047860
Adsorbate-atom-velocity: 133 0     0.146251168834     0.127417737635     1.516786594351
Adsorbate-atom-velocity: 134 0     1.169401066748     0.909561909622    -0.491249366193
Adsorbate-atom-velocity: 135 0    -0.032485153219    -1.562591660169    -0.933618539296
Adsorbate-atom-velocity: 136 0     2.220754580195     3.300855786772     0.609380939750
Adsorbate-atom-velocity: 137 0     0.929075319950    -0.288733816004     1.973279792192
Adsorbate-atom-velocity: 138 0    -0.986649822575    -0.973800135472    -1.424445662017
Adsorbate-atom-velocity: 139 0     1.866805505327    -1.454166814870    -0.919567499407
Adsorbate-atom-velocity: 140 0    -1.839331243925     0.572318527490     1.005147867372
Adsorbate-atom-velocity: 141 0    -1.087364583330    -0.936058224272    -1.254933752384
Adsorbate-atom-velocity: 142 0    -1.597239822923     0.682019992503     1.544331925141
Adsorbate-atom-velocity: 143 0     1.307146989148    -0.117057454414    -1.187397476311
Adsorbate-atom-velocity: 144 0    -2.204036596473     1.170330942349    -0.339175126506
Adsorbate-atom-velocity: 145 0     0.767202954518     1.349509883575     0.648150202277
Adsorbate-atom-velocity: 146 0     1.169587129587    -3.059673038014    -1.296021967042
Adsorbate-atom-velocity: 147 0     0.216600292544    -1.152290458126     0.224828163124
Adsorbate-atom-velocity: 148 0    -1.431863491810     0.797378294191     2.054714043836
Adsorbate-atom-velocity: 149 0     0.210845841898     3.517728563396     0.811236457649
Adsorbate-atom-velocity: 150 0     1.039696763529    -0.859094332792     1.733181700681
Adsorbate-atom-velocity: 151 0    -1.109035538971    -0.761229517739    -1.945946802237
Adsorbate-atom-velocity: 152 0     3.138752447081    -0.365680294059     0.435463924010
Adsorbate-atom-velocity: 153 0    -0.489708972859     0.755401058440    -0.748391653216
Adsorbate-atom-velocity: 154 0    -0.400501015987    -2.496717449397     0.749039015296
Adsorbate-atom-velocity: 155 0    -0.338530962891    -1.456227678242     1.175561563837
Adsorbate-atom-velocity: 156 0     0.706099765516    -1.164668740806    -0.450005205627
Adsorbate-atom-velocity: 157 0    -1.114125919229     0.576187166450     0.886127009383
Adsorbate-atom-velocity: 158 0    -0.921926363444     1.307427025688    -1.171421488784
Adsorbate-atom-velocity: 159 0    -1.822611631643     2.327131287926    -0.050409924308
Adsorbate-atom-velocity: 160 0     0.601812182639     0.311065041697    -0.467736757672
Adsorbate-atom-velocity: 161 0    -0.560865121472     3.312021922012     0.340249758696
Adsorbate-atom-velocity: 162 0    -0.581412764425     0.972636618023    -0.841162454868
Adsorbate-atom-velocity: 163 0    -0.965150509958    -1.706101581726     1.025657248492
Adsorbate-atom-force:    0 0    48.256688961987   -28.125213755840   -35.394989964959
Adsorbate-atom-force:    1 0   227.867321116499  -294.639340235032  -258.963035445640
Adsorbate-atom-force:    2 0    56.772028685604  -144.431715638455   398.802103950591
Adsorbate-atom-force:    3 0    21.799451232750    17.835101679588   -13.531601452867
Adsorbate-atom-force:    4 0  -675.423987561919   102.890807160597  -466.285075308091
Adsorbate-atom-force:    5 0  -153.246158846164   125.032239566810   250.335442959962
Adsorbate-atom-force:    6 0   153.409318390562  -282.822312583050  -124.278740043072
Adsorbate-atom-force:    7 0   344.900992314536  -180.349119008199  -135.607782543954
Adsorbate-atom-force:    8 0  -116.634932158274  -467.413800842316   370.269325079060
Adsorbate-atom-force:    9 0   341.706425241122  -145.086671901346  -301.938322912677
Adsorbate-atom-force:    10 0  -521.966515466521  -536.261527394080   510.443196914007
Adsorbate-atom-force:    11 0   -45.912327463574   312.289893951650    12.188521700830
Adsorbate-atom-force:    12 0   -55.543199989425    -8.468129730514    -5.853792493520
Adsorbate-atom-force:    13 0  -305.220794510892   334.980376715911   248.866015621800
Adsorbate-atom-force:    14 0  -123.079498390636   272.025977725343   421.770964894952
Adsorbate-atom-force:    15 0   209.822777879781  -201.049452441345   205.038767685444
Adsorbate-atom-force:    16 0  -137.009175535830   186.788468188854  -137.454924327371
Adsorbate-atom-force:    17 0    94.585238243982  -152.932945220780  -219.065340083745
Adsorbate-atom-force:    18 0  -897.042469217704  -456.811728061604  -274.525934094436
Adsorbate-atom-force:    19 0  -609.315745698391   421.422237190854   -36.223571368852
Adsorbate-atom-force:    20 0    10.637758418654    -6.815726163505     9.573481962723
Adsorbate-atom-force:    21 0   255.415008347329  -323.445635032278   246.145884069583
Adsorbate-atom-force:    22 0  -220.550571130346   -19.133767441922   -76.070477116843
Adsorbate-atom-force:    23 0  -518.816883873095   471.336265485662  -441.341797971716
Adsorbate-atom-force:    24 0   468.038199515771   174.723376347397  -297.675506808880
Adsorbate-atom-force:    25 0   287.144442977908   114.031798002811   118.612920822890
Adsorbate-atom-force:    26 0   279.709889788565   317.492750392600   658.166235176167
Adsorbate-atom-force:    27 0   284.844197490039   357.163569373404   -97.563858184488
Adsorbate-atom-force:    28 0  -352.092655144352   283.812223789351  -296.886340915659
Adsorbate-atom-force:    29 0  -139.281793730795   -98.185542544028   -77.548884380038
Adsorbate-atom-force:    30 0   502.044093432642 -1956.707741821500  -756.691578728876
Adsorbate-atom-force:    31 0   409.956241296806  -109.557095899651  -163.211929721030
Adsorbate-atom-force:    32 0  -381.610137568301   212.747378872795  -138.969073034009
Adsorbate-atom-force:    33 0    80.170718470587   -33.983177414397    79.200575870834
Adsorbate-atom-force:    34 0   131.123257697966   141.655904395155  -155.141716562727
Adsorbate-atom-force:    35 0  -143.931340320930    77.801057211971   -91.203981243675
Adsorbate-atom-force:    36 0    56.770046210339   -36.013070740895    18.898281252070
Adsorbate-atom-force:    37 0   280.559603745736  -115.417627136499  -233.217166608341
Adsorbate-atom-force:    38 0   252.263417288121   -36.008090271105   -65.228805563956
Adsorbate-atom-force:    39 0  -485.501367225830   433.302610305546  -414.095059589736
Adsorbate-atom-force:    40 0    -7.781660509684   255.471780435563    92.966060048052
Adsorbate-atom-force:    41 0  -263.787889122731  -136.716792448060    18.009290134703
Adsorbate-atom-force:    42 0   -10.156124283207    72.681854497082   -40.326512644325
Adsorbate-atom-force:    43 0   357.845249757508  -118.753688392834   312.184548287529
Adsorbate-atom-force:    44 0   -73.828150064306  -618.660190116431   529.782589978398
Adsorbate-atom-force:    45 0   318.752780406473  -428.153577678458  -588.983577492324
Adsorbate-atom-force:    46 0  -197.982069619917  -197.925844906906  -195.068381679241
Adsorbate-atom-force:    47 0   329.961559058604   118.632906107500   -57.699347793117
Adsorbate-atom-force:    48 0    61.603615134952  -135.919467306815   227.609112037928
Adsorbate-atom-force:    49 0  -124.003455942842  -249.510108569514   -26.827674213743
Adsorbate-atom-force:    50 0   -95.369444786037   434.220769497414   -99.453723571133
Adsorbate-atom-force:    51 0     6.578130797442    15.759645237885   -50.623951898849
Adsorbate-atom-force:    52 0   108.477532289906   -98.595749177454   119.056494984987
Adsorbate-atom-force:    53 0   445.798699305790    86.389033790529   631.112762889228
Adsorbate-atom-force:    54 0  -307.928570581747   163.919791068145   328.159948056435
Adsorbate-atom-force:    55 0  1033.250455642828 -1149.318903869980  -976.357940696319
Adsorbate-atom-force:    56 0    17.455379853483   -51.863734162344    91.314194431060
Adsorbate-atom-force:    57 0  -272.946661740513  1026.952122563475  -138.826021782701
Adsorbate-atom-force:    58 0  -310.218295488922  -248.065996374242  -213.735890814891
Adsorbate-atom-force:    59 0  -596.635835082323  -735.630391618757   220.241909465557
Adsorbate-atom-force:    60 0   187.467190642227   420.856926086575   722.072568665607
Adsorbate-atom-force:    61 0   455.096856044495 -1084.642034723654   313.669685655743
Adsorbate-atom-force:    62 0  -201.795647924260  -285.732790625088  -317.082902563139
Adsorbate-atom-force:    63 0   693.915930223275  -238.547692754923   488.564544367946
Adsorbate-atom-force:    64 0    14.102900806465   -11.954194924533    44.699733683332
Adsorbate-atom-force:    65 0   -51.520213556606    79.576679610400  -213.999947937669
Adsorbate-atom-force:    66 0   205.075921198471   411.439002425767   -33.321235143635
Adsorbate-atom-force:    67 0   275.968558209721   409.938089361188   -35.356938019649
Adsorbate-atom-force:    68 0  -188.292528869943    14.495971218614    -4.858241780683
Adsorbate-atom-force:    69 0   316.767050347109  -147.273699193436   354.357859861134
Adsorbate-atom-force:    70 0  1155.588912101085  -203.930603670805  -674.531790735946
Adsorbate-atom-force:    71 0  -422.410985403847   330.967944698374  -386.727934930017
Adsorbate-atom-force:    72 0   150.353440887293  -189.071637849032   207.824602239315
Adsorbate-atom-force:    73 0  -146.359180447231   146.421627674317    40.989184767406
Adsorbate-atom-force:    74 0  -147.425139971757   458.586096241593  -342.396553403326
Adsorbate-atom-force:    75 0  -367.213933647702   289.109879101798   -39.232476921644
Adsorbate-atom-force:    76 0   385.313610663273  -329.786451745997   194.664088756185
Adsorbate-atom-force:    77 0    59.589547067271   171.609386384135    50.450796662936
Adsorbate-atom-force:    78 0   206.536797301260  -190.519927258755   211.392788606652
Adsorbate-atom-force:    79 0    54.531234483272   269.980352353064  -121.470601759112
Adsorbate-atom-force:    80 0   144.876291813530  -409.400831322419  -631.904700300089
Adsorbate-atom-force:    81 0  -146.155353016766  -179.103282674085  -140.886744730112
Adsorbate-atom-force:    82 0  -135.794449788983   312.394845232524   396.449208156711
Adsorbate-atom-force:    83 0    10.834491407030  -117.118528810181   173.632993361178
Adsorbate-atom-force:    84 0   105.080280168727   126.380012072891  -139.329072520545
Adsorbate-atom-force:    85 0  -173.921105610634   106.272322753388    42.410436721262
Adsorbate-atom-force:    86 0   180.953255477784    59.342173287576   200.853586397216
Adsorbate-atom-force:    87 0     1.032520077702  -176.494488979704   297.309976087071
Adsorbate-atom-force:    88 0    69.000362104006   105.670847998669    62.572575502162
Adsorbate-atom-force:    89 0   192.736194031061  -131.962583952973  -260.267176544203
Adsorbate-atom-force:    90 0  -242.049470215314  -295.938222056874   -27.914047872985
Adsorbate-atom-force:    91 0    63.926136951899   102.351255779476   122.996686661879
Adsorbate-atom-force:    92 0    16.821513147435    57.748677716825    15.765472885283
Adsorbate-atom-force:    93 0  -138.790407928490   -57.473803028243   212.287360204011
Adsorbate-atom-force:    94 0  -603.027654154415     6.485619925118  -457.967434223492
Adsorbate-atom-force:    95 0   -22.625801563405   250.325042308469  -423.433337809048
Adsorbate-atom-force:    96 0  -122.013727569044   824.407306584902   -44.860787794083
Adsorbate-atom-force:    97 0   -37.609668897129    27.216779789584    78.589969021763
Adsorbate-atom-force:    98 0   412.612219612714  -382.431975583222  -358.943817424669
Adsorbate-atom-force:    99 0   297.612340119450    91.415494531176   473.198816744108
Adsorbate-atom-force:    100 0   -70.150148513901   -18.350012426932    89.315645359714
Adsorbate-atom-force:    101 0    -1.894504892498    46.162725844805     1.874557586912
Adsorbate-atom-force:    102 0   -11.004494169849   134.965589027378   -39.583765151089
Adsorbate-atom-force:    103 0   230.366067096212   121.237471691239  -123.729105692422
Adsorbate-atom-force:    104 0   186.633089634622  -392.063206865015   481.710839087351
Adsorbate-atom-force:    105 0  -686.262186225800  -533.304761158912   511.159208289229
Adsorbate-atom-force:    106 0    19.918815320041  -274.228735379285   143.723636115338
Adsorbate-atom-force:    107 0  -554.446366507834  -285.341670074868  -679.695352824313
Adsorbate-atom-force:    108 0  -114.564227478829  -322.211145412900     3.291365799013
Adsorbate-atom-force:    109 0   -80.071694690903    13.932888162413    28.368447875468
Adsorbate-atom-force:    110 0    32.451985178816    27.509824655943    55.100505389400
Adsorbate-atom-force:    111 0   435.290585052219  -405.674076846171  -415.038246692688
Adsorbate-atom-force:    112 0   -19.558777476455    70.009005301111   -65.389368500542
Adsorbate-atom-force:    113 0    56.704581558110  -658.216501676906  -481.496777541281
Adsorbate-atom-force:    114 0   589.270573261318   209.479824957843  -526.911905690037
Adsorbate-atom-force:    115 0   -99.694817378845  -100.070060670185  -131.031441327607
Adsorbate-atom-force:    116 0   -56.346915116199   -84.529981533146   107.151263731734
Adsorbate-atom-force:    117 0   -28.146677874175  -265.371975118113   -86.611966057711
Adsorbate-atom-force:    118 0   -21.399247801307    72.127975420969    35.330965025554
Adsorbate-atom-force:    119 0   -94.074694274026   155.417765083940    77.680088436003
Adsorbate-atom-force:    120 0   137.831210799280  -101.962885838179  -147.616810538185
Adsorbate-atom-force:    121 0   318.117989231548    65.392346747739  -587.403506668600
Adsorbate-atom-force:    122 0   -49.622018743156    88.618660984755  -167.732948759076
Adsorbate-atom-force:    123 0   146.443385422623  -167.949857211151  -239.085842660176
Adsorbate-atom-force:    124 0  -385.154801898872   280.399939430011  -214.840111845200
Adsorbate-atom-force:    125 0   412.097325103211   276.261734339906  -301.735069523163
Adsorbate-atom-force:    126 0    10.737726704742     9.615835349618  -145.852640153699
Adsorbate-atom-force:    127 0  -110.666163356943  -164.327012505555   139.212304740026
Adsorbate-atom-force:    128 0   126.603176786282   186.754596798692  -187.918833890231
Adsorbate-atom-force:    129 0   900.439703690623    32.520866746898   529.232572413013
Adsorbate-atom-force:    130 0    66.097325362210  -143.966304359505   150.147890580250
Adsorbate-atom-force:    131 0   928.524131468646   834.949891693089   396.971823063871
Adsorbate-atom-force:    132 0   -53.088768163711  -718.251504938403  -267.132874748351
Adsorbate-atom-force:    133 0    -8.705797540693   -16.910683652382    57.618496694983
Adsorbate-atom-force:    134 0   374.565011663802   583.788348967599  -470.087608562975
Adsorbate-atom-force:    135 0  -167.590066017718   -30.852483902435   -16.726522641977
Adsorbate-atom-force:    136 0  -172.420132754068  -286.954833438414   133.265233081439
Adsorbate-atom-force:    137 0   -52.764749270408   -76.318999007432   -20.288357937796
Adsorbate-atom-force:    138 0   376.959530709495  -166.684708723422    52.398834869622
Adsorbate-atom-force:    139 0   198.727195476948  -158.654512356833   449.448697563162
Adsorbate-atom-force:    140 0    49.997350795525  -282.797882730955   116.841417306827
Adsorbate-atom-force:    141 0  -186.264331785754  -128.290282035913   125.313384038961
Adsorbate-atom-force:    142 0   226.109549352629  -204.177347783059   211.788999152611
Adsorbate-atom-force:    143 0  -239.690781251645   -15.594836883910    -9.924953720291
Adsorbate-atom-force:    144 0   266.061133631282   179.480134777199   -54.985903030629
Adsorbate-atom-force:    145 0   258.957687513879  -186.283513070030    21.842903339905
Adsorbate-atom-force:    146 0   -15.245138007715  -321.616306950528    19.769298731296
Adsorbate-atom-force:    147 0  -350.150175064193   139.049716544410   405.453381598269
Adsorbate-atom-force:    148 0  -115.414664226272  -247.613920306583   186.345990693034
Adsorbate-atom-force:    149 0  -234.457124784191  -229.808897090401   238.047788344664
Adsorbate-atom-force:    150 0   180.020343980669    60.396366471368    -7.613532992028
Adsorbate-atom-force:    151 0  -386.101885362962   -55.324464843366  -380.738064057181
Adsorbate-atom-force:    152 0   -81.309105599333  -131.664516535428  -260.902365296250
Adsorbate-atom-force:    153 0   242.195201524519  1170.117492733780  1496.222038832853
Adsorbate-atom-force:    154 0    88.340655105395  -272.927253203373  -203.090712363344
Adsorbate-atom-force:    155 0  -432.089436399325   170.729576295488   335.220913666253
Adsorbate-atom-force:    156 0  -129.962624949400  -668.347857734766   493.711103190036
Adsorbate-atom-force:    157 0   215.874118309690  -218.994700281275    59.188698374137
Adsorbate-atom-force:    158 0   273.669186009579  -310.087652454168   495.586296074015
Adsorbate-atom-force:    159 0   325.626482746488   -84.373306433621  -405.472136459772
Adsorbate-atom-force:    160 0   566.172534373517  -965.221308636069    40.496598369673
Adsorbate-atom-force:    161 0  -160.626638468562   126.618756799888  -141.659699133102
Adsorbate-atom-force:    162 0   649.779485005376   603.454517884092    41.628005258562
Adsorbate-atom-force:    163 0   -41.111811184294   102.479353043623   -95.527419711518
Adsorbate-atom-charge:   0 0     0.000000000000
Adsorbate-atom-charge:   1 0     0.000000000000
Adsorbate-atom-charge:   2 0     0.000000000000
Adsorbate-atom-charge:   3 0     0.000000000000
Adsorbate-atom-charge:   4 0     0.000000000000
Adsorbate-atom-charge:   5 0     0.000000000000
Adsorbate-atom-charge:   6 0     0.000000000000
Adsorbate-atom-charge:   7 0     0.000000000000
Adsorbate-atom-charge:   8 0     0.000000000000
Adsorbate-atom-charge:   9 0     0.000000000000
Adsorbate-atom-charge:   10 0     0.000000000000
Adsorbate-atom-charge:   11 0     0.000000000000
Adsorbate-atom-charge:   12 0     0.000000000000
Adsorbate-atom-charge:   13 0     0.000000000000
Adsorbate-atom-charge:   14 0     0.000000000000
Adsorbate-atom-charge:   15 0     0.000000000000
Adsorbate-atom-charge:   16 0     0.000000000000
Adsorbate-atom-charge:   17 0     0.000000000000
Adsorbate-atom-charge:   18 0     0.000000000000
Adsorbate-atom-charge:   19 0     0.000000000000
Adsorbate-atom-charge:   20 0     0.000000000000
Adsorbate-atom-charge:   21 0     0.000000000000
Adsorbate-atom-charge:   22 0     0.000000000000
Adsorbate-atom-charge:   23 0     0.000000000000
Adsorbate-atom-charge:   24 0     0.000000000000
Adsorbate-atom-charge:   25 0     0.000000000000
Adsorbate-atom-charge:   26 0     0.000000000000
Adsorbate-atom-charge:   27 0     0.000000000000
Adsorbate-atom-charge:   28 0     0.000000000000
Adsorbate-atom-charge:   29 0     0.000000000000
Adsorbate-atom-charge:   30 0     0.000000000000
Adsorbate-atom-charge:   31 0     0.000000000000
Adsorbate-atom-charge:   32 0     0.000000000000
Adsorbate-atom-charge:   33 0     0.000000000000
Adsorbate-atom-charge:   34 0     0.000000000000
Adsorbate-atom-charge:   35 0     0.000000000000
Adsorbate-atom-charge:   36 0     0.000000000000
Adsorbate-atom-charge:   37 0     0.000000000000
Adsorbate-atom-charge:   38 0     0.000000000000
Adsorbate-atom-charge:   39 0     0.000000000000
Adsorbate-atom-charge:   40 0     0.000000000000
Adsorbate-atom-charge:   41 0     0.000000000000
Adsorbate-atom-charge:   42 0     0.000000000000
Adsorbate-atom-charge:   43 0     0.000000000000
Adsorbate-atom-charge:   44 0     0.000000000000
Adsorbate-atom-charge:   45 0     0.000000000000
Adsorbate-atom-charge:   46 0     0.000000000000
Adsorbate-atom-charge:   47 0     0.000000000000
Adsorbate-atom-charge:   48 0     0.000000000000
Adsorbate-atom-charge:   49 0     0.000000000000
Adsorbate-atom-charge:   50 0     0.000000000000
Adsorbate-atom-charge:   51 0     0.000000000000
Adsorbate-atom-charge:   52 0     0.000000000000
Adsorbate-atom-charge:   53 0     0.000000000000
Adsorbate-atom-charge:   54 0     0.000000000000
Adsorbate-atom-charge:   55 0     0.000000000000
Adsorbate-atom-charge:   56 0     0.000000000000
Adsorbate-atom-charge:   57 0     0.000000000000
Adsorbate-atom-charge:   58 0     0.000000000000
Adsorbate-atom-charge:   59 0     0.000000000000
Adsorbate-atom-charge:   60 0     0.000000000000
Adsorbate-atom-charge:   61 0     0.000000000000
Adsorbate-atom-charge:   62 0     0.000000000000
Adsorbate-atom-charge:   63 0     0.000000000000
Adsorbate-atom-charge:   64 0     0.000000000000
Adsorbate-atom-charge:   65 0     0.000000000000
Adsorbate-atom-charge:   66 0     0.000000000000
Adsorbate-atom-charge:   67 0     0.000000000000
Adsorbate-atom-charge:   68 0     0.000000000000
Adsorbate-atom-charge:   69 0     0.000000000000
Adsorbate-atom-charge:   70 0     0.000000000000
Adsorbate-atom-charge:   71 0     0.000000000000
Adsorbate-atom-charge:   72 0     0.000000000000
Adsorbate-atom-charge:   73 0     0.000000000000
Adsorbate-atom-charge:   74 0     0.000000000000
Adsorbate-atom-charge:   75 0     0.000000000000
Adsorbate-atom-charge:   76 0     0.000000000000
Adsorbate-atom-charge:   77 0     0.000000000000
Adsorbate-atom-charge:   78 0     0.000000000000
Adsorbate-atom-charge:   79 0     0.000000000000
Adsorbate-atom-charge:   80 0     0.000000000000
Adsorbate-atom-charge:   81 0     0.000000000000
Adsorbate-atom-charge:   82 0     0.000000000000
Adsorbate-atom-charge:   83 0     0.000000000000
Adsorbate-atom-charge:   84 0     0.000000000000
Adsorbate-atom-charge:   85 0     0.000000000000
Adsorbate-atom-charge:   86 0     0.000000000000
Adsorbate-atom-charge:   87 0     0.000000000000
Adsorbate-atom-charge:   88 0     0.000000000000
Adsorbate-atom-charge:   89 0     0.000000000000
Adsorbate-atom-charge:   90 0     0.000000000000
Adsorbate-atom-charge:   91 0     0.000000000000
Adsorbate-atom-charge:   92 0     0.000000000000
Adsorbate-atom-charge:   93 0     0.000000000000
Adsorbate-atom-charge:   94 0     0.000000000000
Adsorbate-atom-charge:   95 0     0.000000000000
Adsorbate-atom-charge:   96 0     0.000000000000
Adsorbate-atom-charge:   97 0     0.000000000000
Adsorbate-atom-charge:   98 0     0.000000000000
Adsorbate-atom-charge:   99 0     0.000000000000
Adsorbate-atom-charge:   100 0     0.000000000000
Adsorbate-atom-charge:   101 0     0.000000000000
Adsorbate-atom-charge:   102 0     0.000000000000
Adsorbate-atom-charge:   103 0     0.000000000000
Adsorbate-atom-charge:   104 0     0.000000000000
Adsorbate-atom-charge:   105 0     0.000000000000
Adsorbate-atom-charge:   106 0     0.000000000000
Adsorbate-atom-charge:   107 0     0.000000000000
Adsorbate-atom-charge:   108 0     0.000000000000
Adsorbate-atom-charge:   109 0     0.000000000000
Adsorbate-atom-charge:   110 0     0.000000000000
Adsorbate-atom-charge:   111 0     0.000000000000
Adsorbate-atom-charge:   112 0     0.000000000000
Adsorbate-atom-charge:   113 0     0.000000000000
Adsorbate-atom-charge:   114 0     0.000000000000
Adsorbate-atom-charge:   115 0     0.000000000000
Adsorbate-atom-charge:   116 0     0.000000000000
Adsorbate-atom-charge:   117 0     0.000000000000
Adsorbate-atom-charge:   118 0     0.000000000000
Adsorbate-atom-charge:   119 0     0.000000000000
Adsorbate-atom-charge:   120 0     0.000000000000
Adsorbate-atom-charge:   121 0     0.000000000000
Adsorbate-atom-charge:   122 0     0.000000000000
Adsorbate-atom-charge:   123 0     0.000000000000
Adsorbate-atom-charge:   124 0     0.000000000000
Adsorbate-atom-charge:   125 0     0.000000000000
Adsorbate-atom-charge:   126 0     0.000000000000
Adsorbate-atom-charge:   127 0     0.000000000000
Adsorbate-atom-charge:   128 0     0.000000000000
Adsorbate-atom-charge:   129 0     0.000000000000
Adsorbate-atom-charge:   130 0     0.000000000000
Adsorbate-atom-charge:   131 0     0.000000000000
Adsorbate-atom-charge:   132 0     0.000000000000
Adsorbate-atom-charge:   133 0     0.000000000000
Adsorbate-atom-charge:   134 0     0.000000000000
Adsorbate-atom-charge:   135 0     0.000000000000
Adsorbate-atom-charge:   136 0     0.000000000000
Adsorbate-atom-charge:   137 0     0.000000000000
Adsorbate-atom-charge:   138 0     0.000000000000
Adsorbate-atom-charge:   139 0     0.000000000000
Adsorbate-atom-charge:   140 0     0.000000000000
Adsorbate-atom-charge:   141 0     0.000000000000
Adsorbate-atom-charge:   142 0     0.000000000000
Adsorbate-atom-charge:   143 0     0.000000000000
Adsorbate-atom-charge:   144 0     0.000000000000
Adsorbate-atom-charge:   145 0     0.000000000000
Adsorbate-atom-charge:   146 0     0.000000000000
Adsorbate-atom-charge:   147 0     0.000000000000
Adsorbate-atom-charge:   148 0     0.000000000000
Adsorbate-atom-charge:   149 0     0.000000000000
Adsorbate-atom-charge:   150 0     0.000000000000
Adsorbate-atom-charge:   151 0     0.000000000000
Adsorbate-atom-charge:   152 0     0.000000000000
Adsorbate-atom-charge:   153 0     0.000000000000
Adsorbate-atom-charge:   154 0     0.000000000000
Adsorbate-atom-charge:   155 0     0.000000000000
Adsorbate-atom-charge:   156 0     0.000000000000
Adsorbate-atom-charge:   157 0     0.000000000000
Adsorbate-atom-charge:   158 0     0.000000000000
Adsorbate-atom-charge:   159 0     0.000000000000
Adsorbate-atom-charge:   160 0     0.000000000000
Adsorbate-atom-charge:   161 0     0.000000000000
Adsorbate-atom-charge:   162 0     0.000000000000
Adsorbate-atom-charge:   163 0     0.000000000000
Adsorbate-atom-scaling:  0 0     1.000000000000
Adsorbate-atom-scaling:  1 0     1.000000000000
Adsorbate-atom-scaling:  2 0     1.000000000000
Adsorbate-atom-scaling:  3 0     1.000000000000
Adsorbate-atom-scaling:  4 0     1.000000000000
Adsorbate-atom-scaling:  5 0     1.000000000000
Adsorbate-atom-scaling:  6 0     1.000000000000
Adsorbate-atom-scaling:  7 0     1.000000000000
Adsorbate-atom-scaling:  8 0     1.000000000000
Adsorbate-atom-scaling:  9 0     1.000000000000
Adsorbate-atom-scaling:  10 0     1.000000000000
Adsorbate-atom-scaling:  11 0     1.000000000000
Adsorbate-atom-scaling:  12 0     1.000000000000
Adsorbate-atom-scaling:  13 0     1.000000000000
Adsorbate-atom-scaling:  14 0     1.000000000000
Adsorbate-atom-scaling:  15 0     1.000000000000
Adsorbate-atom-scaling:  16 0     1.000000000000
Adsorbate-atom-scaling:  17 0     1.000000000000
Adsorbate-atom-scaling:  18 0     1.000000000000
Adsorbate-atom-scaling:  19 0     1.000000000000
Adsorbate-atom-scaling:  20 0     1.000000000000
Adsorbate-atom-scaling:  21 0     1.000000000000
Adsorbate-atom-scaling:  22 0     1.000000000000
Adsorbate-atom-scaling:  23 0     1.000000000000
Adsorbate-atom-scaling:  24 0     1.000000000000
Adsorbate-atom-scaling:  25 0     1.000000000000
Adsorbate-atom-scaling:  26 0     1.000000000000
Adsorbate-atom-scaling:  27 0     1.000000000000
Adsorbate-atom-scaling:  28 0     1.000000000000
Adsorbate-atom-scaling:  29 0     1.000000000000
Adsorbate-atom-scaling:  30 0     1.000000000000
Adsorbate-atom-scaling:  31 0     1.000000000000
Adsorbate-atom-scaling:  32 0     1.000000000000
Adsorbate-atom-scaling:  33 0     1.000000000000
Adsorbate-atom-scaling:  34 0     1.000000000000
Adsorbate-atom-scaling:  35 0     1.000000000000
Adsorbate-atom-scaling:  36 0     1.000000000000
Adsorbate-atom-scaling:  37 0     1.000000000000
Adsorbate-atom-scaling:  38 0     1.000000000000
Adsorbate-atom-scaling:  39 0     1.000000000000
Adsorbate-atom-scaling:  40 0     1.000000000000
Adsorbate-atom-scaling:  41 0     1.000000000000
Adsorbate-atom-scaling:  42 0     1.000000000000
Adsorbate-atom-scaling:  43 0     1.000000000000
Adsorbate-atom-scaling:  44 0     1.000000000000
Adsorbate-atom-scaling:  45 0     1.000000000000
Adsorbate-atom-scaling:  46 0     1.000000000000
Adsorbate-atom-scaling:  47 0     1.000000000000
Adsorbate-atom-scaling:  48 0     1.000000000000
Adsorbate-atom-scaling:  49 0     1.000000000000
Adsorbate-atom-scaling:  50 0     1.000000000000
Adsorbate-atom-scaling:  51 0     1.000000000000
Adsorbate-atom-scaling:  52 0     1.000000000000
Adsorbate-atom-scaling:  53 0     1.000000000000
Adsorbate-atom-scaling:  54 0     1.000000000000
Adsorbate-atom-scaling:  55 0     1.000000000000
Adsorbate-atom-scaling:  56 0     1.000000000000
Adsorbate-atom-scaling:  57 0     1.000000000000
Adsorbate-atom-scaling:  58 0     1.000000000000
Adsorbate-atom-scaling:  59 0     1.000000000000
Adsorbate-atom-scaling:  60 0     1.000000000000
Adsorbate-atom-scaling:  61 0     1.000000000000
Adsorbate-atom-scaling:  62 0     1.000000000000
Adsorbate-atom-scaling:  63 0     1.000000000000
Adsorbate-atom-scaling:  64 0     1.000000000000
Adsorbate-atom-scaling:  65 0     1.000000000000
Adsorbate-atom-scaling:  66 0     1.000000000000
Adsorbate-atom-scaling:  67 0     1.000000000000
Adsorbate-atom-scaling:  68 0     1.000000000000
Adsorbate-atom-scaling:  69 0     1.000000000000
Adsorbate-atom-scaling:  70 0     1.000000000000
Adsorbate-atom-scaling:  71 0     1.000000000000
Adsorbate-atom-scaling:  72 0     1.000000000000
Adsorbate-atom-scaling:  73 0     1.000000000000
Adsorbate-atom-scaling:  74 0     1.000000000000
Adsorbate-atom-scaling:  75 0     1.000000000000
Adsorbate-atom-scaling:  76 0     1.000000000000
Adsorbate-atom-scaling:  77 0     1.000000000000
Adsorbate-atom-scaling:  78 0     1.000000000000
Adsorbate-atom-scaling:  79 0     1.000000000000
Adsorbate-atom-scaling:  80 0     1.000000000000
Adsorbate-atom-scaling:  81 0     1.000000000000
Adsorbate-atom-scaling:  82 0     1.000000000000
Adsorbate-atom-scaling:  83 0     1.000000000000
Adsorbate-atom-scaling:  84 0     1.000000000000
Adsorbate-atom-scaling:  85 0     1.000000000000
Adsorbate-atom-scaling:  86 0     1.000000000000
Adsorbate-atom-scaling:  87 0     1.000000000000
Adsorbate-atom-scaling:  88 0     1.000000000000
Adsorbate-atom-scaling:  89 0     1.000000000000
Adsorbate-atom-scaling:  90 0     1.000000000000
Adsorbate-atom-scaling:  91 0     1.000000000000
Adsorbate-atom-scaling:  92 0     1.000000000000
Adsorbate-atom-scaling:  93 0     1.000000000000
Adsorbate-atom-scaling:  94 0     1.000000000000
Adsorbate-atom-scaling:  95 0     1.000000000000
Adsorbate-atom-scaling:  96 0     1.000000000000
Adsorbate-atom-scaling:  97 0     1.000000000000
Adsorbate-atom-scaling:  98 0     1.000000000000
Adsorbate-atom-scaling:  99 0     1.000000000000
Adsorbate-atom-scaling:  100 0     1.000000000000
Adsorbate-atom-scaling:  101 0     1.000000000000
Adsorbate-atom-scaling:  102 0     1.000000000000
Adsorbate-atom-scaling:  103 0     1.000000000000
Adsorbate-atom-scaling:  104 0     1.000000000000
Adsorbate-atom-scaling:  105 0     1.000000000000
Adsorbate-atom-scaling:  106 0     1.000000000000
Adsorbate-atom-scaling:  107 0     1.000000000000
Adsorbate-atom-scaling:  108 0     1.000000000000
Adsorbate-atom-scaling:  109 0     1.000000000000
Adsorbate-atom-scaling:  110 0     1.000000000000
Adsorbate-atom-scaling:  111 0     1.000000000000
Adsorbate-atom-scaling:  112 0     1.000000000000
Adsorbate-atom-scaling:  113 0     1.000000000000
Adsorbate-atom-scaling:  114 0     1.000000000000
Adsorbate-atom-scaling:  115 0     1.000000000000
Adsorbate-atom-scaling:  116 0     1.000000000000
Adsorbate-atom-scaling:  117 0     1.000000000000
Adsorbate-atom-scaling:  118 0     1.000000000000
Adsorbate-atom-scaling:  119 0     1.000000000000
Adsorbate-atom-scaling:  120 0     1.000000000000
Adsorbate-atom-scaling:  121 0     1.000000000000
Adsorbate-atom-scaling:  122 0     1.000000000000
Adsorbate-atom-scaling:  123 0     1.000000000000
Adsorbate-atom-scaling:  124 0     1.000000000000
Adsorbate-atom-scaling:  125 0     1.000000000000
Adsorbate-atom-scaling:  126 0     1.000000000000
Adsorbate-atom-scaling:  127 0     1.000000000000
Adsorbate-atom-scaling:  128 0     1.000000000000
Adsorbate-atom-scaling:  129 0     1.000000000000
Adsorbate-atom-scaling:  130 0     1.000000000000
Adsorbate-atom-scaling:  131 0     1.000000000000
Adsorbate-atom-scaling:  132 0     1.000000000000
Adsorbate-atom-scaling:  133 0     1.000000000000
Adsorbate-atom-scaling:  134 0     1.000000000000
Adsorbate-atom-scaling:  135 0     1.000000000000
Adsorbate-atom-scaling:  136 0     1.000000000000
Adsorbate-atom-scaling:  137 0     1.000000000000
Adsorbate-atom-scaling:  138 0     1.000000000000
Adsorbate-atom-scaling:  139 0     1.000000000000
Adsorbate-atom-scaling:  140 0     1.000000000000
Adsorbate-atom-scaling:  141 0     1.000000000000
Adsorbate-atom-scaling:  142 0     1.000000000000
Adsorbate-atom-scaling:  143 0     1.000000000000
Adsorbate-atom-scaling:  144 0     1.000000000000
Adsorbate-atom-scaling:  145 0     1.000000000000
Adsorbate-atom-scaling:  146 0     1.000000000000
Adsorbate-atom-scaling:  147 0     1.000000000000
Adsorbate-atom-scaling:  148 0     1.000000000000
Adsorbate-atom-scaling:  149 0     1.000000000000
Adsorbate-atom-scaling:  150 0     1.000000000000
Adsorbate-atom-scaling:  151 0     1.000000000000
Adsorbate-atom-scaling:  152 0     1.000000000000
Adsorbate-atom-scaling:  153 0     1.000000000000
Adsorbate-atom-scaling:  154 0     1.000000000000
Adsorbate-atom-scaling:  155 0     1.000000000000
Adsorbate-atom-scaling:  156 0     1.000000000000
Adsorbate-atom-scaling:  157 0     1.000000000000
Adsorbate-atom-scaling:  158 0     1.000000000000
Adsorbate-atom-scaling:  159 0     1.000000000000
Adsorbate-atom-scaling:  160 0     1.000000000000
Adsorbate-atom-scaling:  161 0     1.000000000000
Adsorbate-atom-scaling:  162 0     1.000000000000
Adsorbate-atom-scaling:  163 0     1.000000000000
Adsorbate-atom-fixed:    0 0       0 0 0
Adsorbate-atom-fixed:    1 0       0 0 0
Adsorbate-atom-fixed:    2 0       0 0 0
Adsorbate-atom-fixed:    3 0       0 0 0
Adsorbate-atom-fixed:    4 0       0 0 0
Adsorbate-atom-fixed:    5 0       0 0 0
Adsorbate-atom-fixed:    6 0       0 0 0
Adsorbate-atom-fixed:    7 0       0 0 0
Adsorbate-atom-fixed:    8 0       0 0 0
Adsorbate-atom-fixed:    9 0       0 0 0
Adsorbate-atom-fixed:    10 0       0 0 0
Adsorbate-atom-fixed:    11 0       0 0 0
Adsorbate-atom-fixed:    12 0       0 0 0
Adsorbate-atom-fixed:    13 0       0 0 0
Adsorbate-atom-fixed:    14 0       0 0 0
Adsorbate-atom-fixed:    15 0       0 0 0
Adsorbate-atom-fixed:    16 0       0 0 0
Adsorbate-atom-fixed:    17 0       0 0 0
Adsorbate-atom-fixed:    18 0       0 0 0
Adsorbate-atom-fixed:    19 0       0 0 0
Adsorbate-atom-fixed:    20 0       0 0 0
Adsorbate-atom-fixed:    21 0       0 0 0
Adsorbate-atom-fixed:    22 0       0 0 0
Adsorbate-atom-fixed:    23 0       0 0 0
Adsorbate-atom-fixed:    24 0       0 0 0
Adsorbate-atom-fixed:    25 0       0 0 0
Adsorbate-atom-fixed:    26 0       0 0 0
Adsorbate-atom-fixed:    27 0       0 0 0
Adsorbate-atom-fixed:    28 0       0 0 0
Adsorbate-atom-fixed:    29 0       0 0 0
Adsorbate-atom-fixed:    30 0       0 0 0
Adsorbate-atom-fixed:    31 0       0 0 0
Adsorbate-atom-fixed:    32 0       0 0 0
Adsorbate-atom-fixed:    33 0       0 0 0
Adsorbate-atom-fixed:    34 0       0 0 0
Adsorbate-atom-fixed:    35 0       0 0 0
Adsorbate-atom-fixed:    36 0       0 0 0
Adsorbate-atom-fixed:    37 0       0 0 0
Adsorbate-atom-fixed:    38 0       0 0 0
Adsorbate-atom-fixed:    39 0       0 0 0
Adsorbate-atom-fixed:    40 0       0 0 0
Adsorbate-atom-fixed:    41 0       0 0 0
Adsorbate-atom-fixed:    42 0       0 0 0
Adsorbate-atom-fixed:    43 0       0 0 0
Adsorbate-atom-fixed:    44 0       0 0 0
Adsorbate-atom-fixed:    45 0       0 0 0
Adsorbate-atom-fixed:    46 0       0 0 0
Adsorbate-atom-fixed:    47 0       0 0 0
Adsorbate-atom-fixed:    48 0       0 0 0
Adsorbate-atom-fixed:    49 0       0 0 0
Adsorbate-atom-fixed:    50 0       0 0 0
Adsorbate-atom-fixed:    51 0       0 0 0
Adsorbate-atom-fixed:    52 0       0 0 0
Adsorbate-atom-fixed:    53 0       0 0 0
Adsorbate-atom-fixed:    54 0       0 0 0
Adsorbate-atom-fixed:    55 0       0 0 0
Adsorbate-atom-fixed:    56 0       0 0 0
Adsorbate-atom-fixed:    57 0       0 0 0
Adsorbate-atom-fixed:    58 0       0 0 0
Adsorbate-atom-fixed:    59 0       0 0 0
Adsorbate-atom-fixed:    60 0       0 0 0
Adsorbate-atom-fixed:    61 0       0 0 0
Adsorbate-atom-fixed:    62 0       0 0 0
Adsorbate-atom-fixed:    63 0       0 0 0
Adsorbate-atom-fixed:    64 0       0 0 0
Adsorbate-atom-fixed:    65 0       0 0 0
Adsorbate-atom-fixed:    66 0       0 0 0
Adsorbate-atom-fixed:    67 0       0 0 0
Adsorbate-atom-fixed:    68 0       0 0 0
Adsorbate-atom-fixed:    69 0       0 0 0
Adsorbate-atom-fixed:    70 0       0 0 0
Adsorbate-atom-fixed:    71 0       0 0 0
Adsorbate-atom-fixed:    72 0       0 0 0
Adsorbate-atom-fixed:    73 0       0 0 0
Adsorbate-atom-fixed:    74 0       0 0 0
Adsorbate-atom-fixed:    75 0       0 0 0
Adsorbate-atom-fixed:    76 0       0 0 0
Adsorbate-atom-fixed:    77 0       0 0 0
Adsorbate-atom-fixed:    78 0       0 0 0
Adsorbate-atom-fixed:    79 0       0 0 0
Adsorbate-atom-fixed:    80 0       0 0 0
Adsorbate-atom-fixed:    81 0       0 0 0
Adsorbate-atom-fixed:    82 0       0 0 0
Adsorbate-atom-fixed:    83 0       0 0 0
Adsorbate-atom-fixed:    84 0       0 0 0
Adsorbate-atom-fixed:    85 0       0 0 0
Adsorbate-atom-fixed:    86 0       0 0 0
Adsorbate-atom-fixed:    87 0       0 0 0
Adsorbate-atom-fixed:    88 0       0 0 0
Adsorbate-atom-fixed:    89 0       0 0 0
Adsorbate-atom-fixed:    90 0       0 0 0
Adsorbate-atom-fixed:    91 0       0 0 0
Adsorbate-atom-fixed:    92 0       0 0 0
Adsorbate-atom-fixed:    93 0       0 0 0
Adsorbate-atom-fixed:    94 0       0 0 0
Adsorbate-atom-fixed:    95 0       0 0 0
Adsorbate-atom-fixed:    96 0       0 0 0
Adsorbate-atom-fixed:    97 0       0 0 0
Adsorbate-atom-fixed:    98 0       0 0 0
Adsorbate-atom-fixed:    99 0       0 0 0
Adsorbate-atom-fixed:    100 0       0 0 0
Adsorbate-atom-fixed:    101 0       0 0 0
Adsorbate-atom-fixed:    102 0       0 0 0
Adsorbate-atom-fixed:    103 0       0 0 0
Adsorbate-atom-fixed:    104 0       0 0 0
Adsorbate-atom-fixed:    105 0       0 0 0
Adsorbate-atom-fixed:    106 0       0 0 0
Adsorbate-atom-fixed:    107 0       0 0 0
Adsorbate-atom-fixed:    108 0       0 0 0
Adsorbate-atom-fixed:    109 0       0 0 0
Adsorbate-atom-fixed:    110 0       0 0 0
Adsorbate-atom-fixed:    111 0       0 0 0
Adsorbate-atom-fixed:    112 0       0 0 0
Adsorbate-atom-fixed:    113 0       0 0 0
Adsorbate-atom-fixed:    114 0       0 0 0
Adsorbate-atom-fixed:    115 0       0 0 0
Adsorbate-atom-fixed:    116 0       0 0 0
Adsorbate-atom-fixed:    117 0       0 0 0
Adsorbate-atom-fixed:    118 0       0 0 0
Adsorbate-atom-fixed:    119 0       0 0 0
Adsorbate-atom-fixed:    120 0       0 0 0
Adsorbate-atom-fixed:    121 0       0 0 0
Adsorbate-atom-fixed:    122 0       0 0 0
Adsorbate-atom-fixed:    123 0       0 0 0
Adsorbate-atom-fixed:    124 0       0 0 0
Adsorbate-atom-fixed:    125 0       0 0 0
Adsorbate-atom-fixed:    126 0       0 0 0
Adsorbate-atom-fixed:    127 0       0 0 0
Adsorbate-atom-fixed:    128 0       0 0 0
Adsorbate-atom-fixed:    129 0       0 0 0
Adsorbate-atom-fixed:    130 0       0 0 0
Adsorbate-atom-fixed:    131 0       0 0 0
Adsorbate-atom-fixed:    132 0       0 0 0
Adsorbate-atom-fixed:    133 0       0 0 0
Adsorbate-atom-fixed:    134 0       0 0 0
Adsorbate-atom-fixed:    135 0       0 0 0
Adsorbate-atom-fixed:    136 0       0 0 0
Adsorbate-atom-fixed:    137 0       0 0 0
Adsorbate-atom-fixed:    138 0       0 0 0
Adsorbate-atom-fixed:    139 0       0 0 0
Adsorbate-atom-fixed:    140 0       0 0 0
Adsorbate-atom-fixed:    141 0       0 0 0
Adsorbate-atom-fixed:    142 0       0 0 0
Adsorbate-atom-fixed:    143 0       0 0 0
Adsorbate-atom-fixed:    144 0       0 0 0
Adsorbate-atom-fixed:    145 0       0 0 0
Adsorbate-atom-fixed:    146 0       0 0 0
Adsorbate-atom-fixed:    147 0       0 0 0
Adsorbate-atom-fixed:    148 0       0 0 0
Adsorbate-atom-fixed:    149 0       0 0 0
Adsorbate-atom-fixed:    150 0       0 0 0
Adsorbate-atom-fixed:    151 0       0 0 0
Adsorbate-atom-fixed:    152 0       0 0 0
Adsorbate-atom-fixed:    153 0       0 0 0
Adsorbate-atom-fixed:    154 0       0 0 0
Adsorbate-atom-fixed:    155 0       0 0 0
Adsorbate-atom-fixed:    156 0       0 0 0
Adsorbate-atom-fixed:    157 0       0 0 0
Adsorbate-atom-fixed:    158 0       0 0 0
Adsorbate-atom-fixed:    159 0       0 0 0
Adsorbate-atom-fixed:    160 0       0 0 0
Adsorbate-atom-fixed:    161 0       0 0 0
Adsorbate-atom-fixed:    162 0       0 0 0
Adsorbate-atom-fixed:    163 0       0 0 0


