Cell info:
========================================================================
number-of-unit-cells: 2 2 2
unit-cell-vector-a:    26.343000000000     0.000000000000     0.000000000000
unit-cell-vector-b:     0.000000000000    26.343000000000     0.000000000000
unit-cell-vector-c:     0.000000000000     0.000000000000    26.343000000000

cell-vector-a:    52.686000000000     0.000000000000     0.000000000000
cell-vector-b:     0.000000000000    52.686000000000     0.000000000000
cell-vector-c:     0.000000000000     0.000000000000    52.686000000000

cell-lengths:    26.343000000000    26.343000000000    26.343000000000
cell-angles:    90.000000000000    90.000000000000    90.000000000000


Maximum changes for MC-moves:
========================================================================
Maximum-volume-change: 0.000500
Maximum-Gibbs-volume-change: 0.000500
Maximum-box-shape-change: 0.100000 0.100000 0.100000, 0.100000 0.100000 0.100000, 0.100000 0.100000 0.100000


Acceptance targets for MC-moves:
========================================================================
Target-volume-change: 0.500000
Target-box-shape-change: 0.500000
Target-Gibbs-volume-change: 0.500000


Components: 1 (Adsorbates 231, Cations 0)
========================================================================
Component 0 (argon)
	Fractional-molecule-id component 0: -1
	Lambda-factors component 0:  0.000000
	Number-of-biasing-factors component 0: 21
	Biasing-factors component 0:  0.000000 0.000000 0.000000 0.000000 0.000000 0.000000 0.000000 0.000000 0.000000 0.000000 0.000000 0.000000 0.000000 0.000000 0.000000 0.000000 0.000000 0.000000 0.000000 0.000000 0.000000
	Maximum-CF-Lambda-change component 0: 0.500000
	Maximum-CBCF-Lambda-change component 0: 0.500000

	Maximum-translation-change component 0: 0.329487,0.332790,0.349114
	Maximum-translation-in-plane-change component 0: 0.000000,0.000000,0.000000
	Maximum-rotation-change component 0: 0.017453 0.017453 0.017453

Reactions: 0

Component: 0     Adsorbate    231 molecules of argon
------------------------------------------------------------------------
Adsorbate-atom-position: 0 0    30.848127499602    35.263309876537     8.542856082760
Adsorbate-atom-position: 1 0    45.174962796849    46.109810085280    19.787456164825
Adsorbate-atom-position: 2 0     4.679551106741    47.943018673632    31.106158670219
Adsorbate-atom-position: 3 0    46.616360135010     7.609470801065    19.048530811471
Adsorbate-atom-position: 4 0    35.356817841028    34.888054531849    31.134635256807
Adsorbate-atom-position: 5 0     7.847204707712    44.894050857280    47.759724243008
Adsorbate-atom-position: 6 0    19.089119069368    46.288613586096    46.000537463056
Adsorbate-atom-position: 7 0    47.931303791139    21.393708431862     4.634172248204
Adsorbate-atom-position: 8 0    32.192527729108    32.722272039916    33.240768469386
Adsorbate-atom-position: 9 0     4.794999433855    21.753909648880     4.640439156385
Adsorbate-atom-position: 10 0    35.215684914155    48.608947389182    17.920224867651
Adsorbate-atom-position: 11 0    45.686767685796     7.399194640716    32.662460027014
Adsorbate-atom-position: 12 0     6.475920199339    19.976420938921    31.925508170593
Adsorbate-atom-position: 13 0    35.002210904470    17.643600777047    48.007407080675
Adsorbate-atom-position: 14 0     4.108338603820    17.573403456606    17.055621781221
Adsorbate-atom-position: 15 0    17.667035769266    35.242210185745    30.552600668180
Adsorbate-atom-position: 16 0    17.682126918663    21.736958721168    34.998428409677
Adsorbate-atom-position: 17 0     8.244725282546    21.447089592210     8.597757245823
Adsorbate-atom-position: 18 0    30.817433022767    21.767438687984     4.190900143101
Adsorbate-atom-position: 19 0     6.848873307600     6.824441038473    45.592850096794
Adsorbate-atom-position: 20 0    46.420536396698    32.840953336356    20.639691163743
Adsorbate-atom-position: 21 0    43.743926378367     8.692856847065    21.743381147568
Adsorbate-atom-position: 22 0    34.881039905332     4.494291199473    34.908010646460
Adsorbate-atom-position: 23 0    19.856803154137     7.327629843770    19.357733385769
Adsorbate-atom-position: 24 0     5.055264180275    17.926461857613    44.694457339620
Adsorbate-atom-position: 25 0     6.856448622832    45.428544482709    32.574096756333
Adsorbate-atom-position: 26 0    38.482905956937    29.829245521228    11.229410475787
Adsorbate-atom-position: 27 0    19.453755722578     5.853015746599    45.414311964943
Adsorbate-atom-position: 28 0    46.795147737050    32.272951586873     6.487162858291
Adsorbate-atom-position: 29 0    44.456346061649    21.826404023560    44.207425864972
Adsorbate-atom-position: 30 0     8.596614868700     4.102951230919     8.964517162214
Adsorbate-atom-position: 31 0    48.017916803620     4.616428518154    47.824555878830
Adsorbate-atom-position: 32 0    30.439956831542    22.058922233040    30.442144164699
Adsorbate-atom-position: 33 0    20.452277584914    32.957324567499     6.815891238759
Adsorbate-atom-position: 34 0    21.831664192035    21.472569415417    47.963198806206
Adsorbate-atom-position: 35 0    34.688274268718    18.103833338619    21.448123572827
Adsorbate-atom-position: 36 0    30.582755690088    30.742969154021     4.269187227669
Adsorbate-atom-position: 37 0    19.041484063382    19.980780951158    46.205995682615
Adsorbate-atom-position: 38 0    34.644401366705    18.003166134591     4.539872992308
Adsorbate-atom-position: 39 0    47.482551758723    31.637728346533    31.469973165479
Adsorbate-atom-position: 40 0    34.091026398551    47.466933918542     8.084079651916
Adsorbate-atom-position: 41 0    34.038982515495    20.705119731189    18.766733996073
Adsorbate-atom-position: 42 0    45.773237341961    45.621693105038    46.448351259814
Adsorbate-atom-position: 43 0    47.679971211754    34.482453321121    44.548797719466
Adsorbate-atom-position: 44 0    44.155002705793    44.429733947189    31.027761372336
Adsorbate-atom-position: 45 0     9.190111680353    30.516060139633    43.815291476975
Adsorbate-atom-position: 46 0     7.904127379968     5.360619080923    34.166939642164
Adsorbate-atom-position: 47 0    33.738903129146     6.976956040120    32.183947458781
Adsorbate-atom-position: 48 0     4.379016231654     4.514759022321     4.520925654881
Adsorbate-atom-position: 49 0    21.649142288761    30.920069007516    21.442800903145
Adsorbate-atom-position: 50 0     8.735027093720    48.659862022058    43.957672617244
Adsorbate-atom-position: 51 0    20.625013336548    47.201768266228     5.575002002609
Adsorbate-atom-position: 52 0    17.441694554017    21.972531465943    17.085177356181
Adsorbate-atom-position: 53 0    46.682444062096    19.431520356578    46.011767839118
Adsorbate-atom-position: 54 0    33.467420909057     6.699989476629    19.888432302259
Adsorbate-atom-position: 55 0    45.724669707274    46.761246827291    33.641122890824
Adsorbate-atom-position: 56 0    45.873650794663     6.709338085410    45.643699919046
Adsorbate-atom-position: 57 0    19.722029222781    33.998548385267    19.489742826395
Adsorbate-atom-position: 58 0    25.814723355756    24.643210433818    40.902220862020
Adsorbate-atom-position: 59 0    22.301448802043    44.070671710061    17.818273012028
Adsorbate-atom-position: 60 0    48.065938353806    48.530495867090    30.726893628847
Adsorbate-atom-position: 61 0     7.146493311902     6.099816796801    18.507665805457
Adsorbate-atom-position: 62 0    32.639708399776    46.328009365290    19.718667188887
Adsorbate-atom-position: 63 0     5.030265357412     5.156332284716    31.234225387467
Adsorbate-atom-position: 64 0    43.824785817111    30.856163388485    17.818122349447
Adsorbate-atom-position: 65 0     7.881165158149    21.160039306897    18.474023364077
Adsorbate-atom-position: 66 0    35.458980228075    22.566718115485     9.304442925556
Adsorbate-atom-position: 67 0    21.566259423757     4.630284693749    48.156426234273
Adsorbate-atom-position: 68 0     9.126518884923     4.663947295055    43.703699334946
Adsorbate-atom-position: 69 0    22.088787728657    22.605790821576    22.317557965342
Adsorbate-atom-position: 70 0    45.554691852455    34.057318349880    32.730696398964
Adsorbate-atom-position: 71 0    35.448368165694    30.074189424581    17.665593385801
Adsorbate-atom-position: 72 0    34.162466879350     7.982078175308     5.014862069296
Adsorbate-atom-position: 73 0    17.749030546103     8.852672316475     4.264408307675
Adsorbate-atom-position: 74 0     5.121521685131    47.497585323118    47.507563882411
Adsorbate-atom-position: 75 0    48.756287762984    48.529986976869    22.255380767212
Adsorbate-atom-position: 76 0     8.712367951680    47.964683243155    34.665387200336
Adsorbate-atom-position: 77 0    22.093486602258    35.977797717982     8.659095668605
Adsorbate-atom-position: 78 0    20.009521081226     6.475631049681     6.532165295382
Adsorbate-atom-position: 79 0    29.920777195784    30.049966373526    22.678152608640
Adsorbate-atom-position: 80 0     4.720027163846     4.728458994320    47.740827185002
Adsorbate-atom-position: 81 0    30.245355112364    49.245712610608     1.879512401468
Adsorbate-atom-position: 82 0    33.154624364900    32.759580119907    20.321836430851
Adsorbate-atom-position: 83 0    34.640388485171    30.416502317363    34.790928716444
Adsorbate-atom-position: 84 0     8.546773200395    35.053083785726     4.340589867429
Adsorbate-atom-position: 85 0    18.013502568560    44.401826310163    31.048844243360
Adsorbate-atom-position: 86 0    17.624514576439    44.306817540690     4.717004255041
Adsorbate-atom-position: 87 0    21.980027081914     8.764596354795     8.956837412502
Adsorbate-atom-position: 88 0    31.270218949302    18.157896012145    44.647321131398
Adsorbate-atom-position: 89 0     4.407992222233    44.052272414191     8.558152217218
Adsorbate-atom-position: 90 0    46.204270225992     6.391653344165     5.724045521138
Adsorbate-atom-position: 91 0    48.177354516598     4.477447022142    21.572618600223
Adsorbate-atom-position: 92 0    44.698022923174    34.112607827326    47.372520100518
Adsorbate-atom-position: 93 0    20.373247185956    46.502435525226    33.097852571980
Adsorbate-atom-position: 94 0    48.925545018421    22.303287769825    48.789989555657
Adsorbate-atom-position: 95 0    30.967854658048     4.873510415628    30.895259006960
Adsorbate-atom-position: 96 0    21.839991568245     8.540403732810    44.018890551509
Adsorbate-atom-position: 97 0     7.885569658097    31.260680780044     7.848764779270
Adsorbate-atom-position: 98 0     6.692812190132    31.870310465289    46.086522091865
Adsorbate-atom-position: 99 0    43.768308968932     8.751480861026     3.869680463316
Adsorbate-atom-position: 100 0     5.887282006948     7.839369981308     7.122061559512
Adsorbate-atom-position: 101 0    28.293916116938    23.489713534573    49.277095483747
Adsorbate-atom-position: 102 0    32.242867277774    19.032151251643     7.140801998614
Adsorbate-atom-position: 103 0    48.660789508202     4.378808377673     4.189279718907
Adsorbate-atom-position: 104 0    17.769221988695    30.618839756582    17.664712371058
Adsorbate-atom-position: 105 0    30.796301130817    35.404435606347    35.626263416904
Adsorbate-atom-position: 106 0    16.014176745469    49.165248666299    17.488118075535
Adsorbate-atom-position: 107 0    33.055945602671    46.460247538933    45.361119840793
Adsorbate-atom-position: 108 0    45.499590550215    46.048279121716     6.546250561255
Adsorbate-atom-position: 109 0    43.733795855493    17.381720917737    30.401328556930
Adsorbate-atom-position: 110 0    30.544642109096    30.037732053320    29.747461130447
Adsorbate-atom-position: 111 0     4.492266272694    43.869248581600    35.076595673656
Adsorbate-atom-position: 112 0    17.668267783414    18.026169615681    31.152107379583
Adsorbate-atom-position: 113 0     5.288374106361    45.028345131587    45.170636683116
Adsorbate-atom-position: 114 0     5.025179623297    21.363663030199    21.531621577606
Adsorbate-atom-position: 115 0    46.250276565935    19.568022370160    33.110508497455
Adsorbate-atom-position: 116 0     4.631661865026    30.836646341264    30.965651792549
Adsorbate-atom-position: 117 0     7.599340367914     7.920048306613    31.766212664295
Adsorbate-atom-position: 118 0    35.609615890965    30.191274815763     9.001052680458
Adsorbate-atom-position: 119 0    31.330922900939    47.943291572295     4.911714913164
Adsorbate-atom-position: 120 0    32.977010724987    33.247617694752     6.116794117366
Adsorbate-atom-position: 121 0    32.327902818751    46.769064604997    31.976550464300
Adsorbate-atom-position: 122 0    21.925810787951    43.730882252713     8.583221537784
Adsorbate-atom-position: 123 0    21.902970004423    43.875186515325    34.898767780900
Adsorbate-atom-position: 124 0    48.473370127827    43.520320365549    17.018120291413
Adsorbate-atom-position: 125 0    31.049225178811    21.736742176275    48.040960415044
Adsorbate-atom-position: 126 0     6.719065865804    32.311060804123    33.520185078633
Adsorbate-atom-position: 127 0     8.644229684422    48.297034944264    17.569453730359
Adsorbate-atom-position: 128 0     8.792611400991    16.761021412815    29.959952536584
Adsorbate-atom-position: 129 0    48.333114968212     4.304459301859    30.471073056738
Adsorbate-atom-position: 130 0    18.779378486137    46.230325544047    19.844366830617
Adsorbate-atom-position: 131 0    35.343707887724     9.654368075446    21.805187015524
Adsorbate-atom-position: 132 0     7.571349498794    18.676346789493    20.987405646360
Adsorbate-atom-position: 133 0    21.497007247825    17.907838021319    44.425079479547
Adsorbate-atom-position: 134 0    20.136411399991    33.159939878889    46.299595470992
Adsorbate-atom-position: 135 0    21.617064500010    21.814066729557     4.839740218822
Adsorbate-atom-position: 136 0    26.059059406110     3.927552583099    37.383749884817
Adsorbate-atom-position: 137 0    47.899078412230    48.131876447229    47.904901181575
Adsorbate-atom-position: 138 0    34.733691881688     8.228500319038    47.721370944657
Adsorbate-atom-position: 139 0    20.755983423121    19.160564660528     7.142501938882
Adsorbate-atom-position: 140 0    44.401856735227    48.232921005474    44.037646112274
Adsorbate-atom-position: 141 0    48.105006073227    44.436027420923    44.189418105470
Adsorbate-atom-position: 142 0    44.374808887550     4.790175202436     8.504275890543
Adsorbate-atom-position: 143 0    43.619472769207    35.111504229427    22.185114226164
Adsorbate-atom-position: 144 0     5.165744141558     7.994972087110    34.643116492524
Adsorbate-atom-position: 145 0    18.334872410551     7.918164706355    31.393832405041
Adsorbate-atom-position: 146 0     7.654046723367    18.324162647264    47.934683421296
Adsorbate-atom-position: 147 0    31.133851783384    44.188888298243    34.878450113244
Adsorbate-atom-position: 148 0    34.236931175961    45.162473945550     5.522961238021
Adsorbate-atom-position: 149 0    17.990676412679    47.683133720065     8.258823867403
Adsorbate-atom-position: 150 0     7.279600479691    21.187469053901    45.452380386130
Adsorbate-atom-position: 151 0     6.833841386209    46.203364621985    20.144435666599
Adsorbate-atom-position: 152 0     4.470191200200    34.474746541238     8.320905356033
Adsorbate-atom-position: 153 0    44.031785680922    17.731449728330    48.182654408876
Adsorbate-atom-position: 154 0    33.755798464181    31.702723837258    44.809034070759
Adsorbate-atom-position: 155 0     3.947018420289    22.788921729406    30.146941812593
Adsorbate-atom-position: 156 0    47.352189975500    31.801053851442    47.354274061715
Adsorbate-atom-position: 157 0     7.113635911611    19.147563018571     6.039958204767
Adsorbate-atom-position: 158 0    43.394146751361    43.567765571069     4.589440806025
Adsorbate-atom-position: 159 0    30.470352823660    43.990190303357    17.356255777282
Adsorbate-atom-position: 160 0    35.253707882952    22.051384097214    35.208292393923
Adsorbate-atom-position: 161 0    29.501054946417     3.135470912930    39.537935487334
Adsorbate-atom-position: 162 0    34.377201196981    34.142766526621    47.070381290102
Adsorbate-atom-position: 163 0     4.374100865397    48.546960382694     4.226312589416
Adsorbate-atom-position: 164 0    48.495066475698    35.187234849324     8.992842296238
Adsorbate-atom-position: 165 0    21.365713510319    17.897654346943    17.850420063787
Adsorbate-atom-position: 166 0    48.587931179787     9.045826746046     8.929350335374
Adsorbate-atom-position: 167 0    34.971866112763    44.314007963855    31.166405979654
Adsorbate-atom-position: 168 0     8.620105199401    34.680188632654    48.527899136221
Adsorbate-atom-position: 169 0    20.504482728187    20.430922379373    32.390147929060
Adsorbate-atom-position: 170 0    20.933784538509     5.336925678433    31.610385872973
Adsorbate-atom-position: 171 0    18.060888477225    18.026507289005     4.996939555159
Adsorbate-atom-position: 172 0    32.067105078307     7.483711390070    45.328420745465
Adsorbate-atom-position: 173 0     4.499426216788    43.885611613986    17.342606354072
Adsorbate-atom-position: 174 0     4.171660678142    17.391788525812     8.763333935526
Adsorbate-atom-position: 175 0    31.047456911740    34.637105010530    17.646026874877
Adsorbate-atom-position: 176 0    32.748728906663    20.540853502861    32.791065451431
Adsorbate-atom-position: 177 0    17.280755138638    34.857383944265     4.421431470418
Adsorbate-atom-position: 178 0     9.002253735432     8.854327952089    48.065748574897
Adsorbate-atom-position: 179 0    21.374221132664    31.651914806367    31.276721672747
Adsorbate-atom-position: 180 0    17.423297933630     4.518048299642     9.041575981543
Adsorbate-atom-position: 181 0    43.879433050282     8.893847593671    48.397845403955
Adsorbate-atom-position: 182 0    48.611293751680     8.836864262591    35.613068722923
Adsorbate-atom-position: 183 0    35.156339780699    43.663696306603    48.055763059380
Adsorbate-atom-position: 184 0    44.131090640469    34.670009879021     5.130346295320
Adsorbate-atom-position: 185 0    43.556446305309    43.320075477132    22.181119115364
Adsorbate-atom-position: 186 0     7.743829837714    34.132520836424    20.783939362249
Adsorbate-atom-position: 187 0    31.747528110344     7.434429425698     7.665570597504
Adsorbate-atom-position: 188 0    30.386682375505     9.128521584137    16.907913113330
Adsorbate-atom-position: 189 0    18.000871032122     5.018558834672    34.324125839338
Adsorbate-atom-position: 190 0     5.165799420938    31.725560488806     5.560040342635
Adsorbate-atom-position: 191 0    43.385133117508    48.490630328421    17.271802512657
Adsorbate-atom-position: 192 0     8.588895271688    31.087240176996    18.037164219544
Adsorbate-atom-position: 193 0    21.170561581501     7.932239279367    34.176920197239
Adsorbate-atom-position: 194 0    18.772901563014    19.114548385706    20.362570700929
Adsorbate-atom-position: 195 0    48.688793706491    48.605027971620     4.031325156753
Adsorbate-atom-position: 196 0    46.565626956389    20.141469543599    20.649797558329
Adsorbate-atom-position: 197 0    31.320168591839    34.810253146968    44.245885326449
Adsorbate-atom-position: 198 0    22.219272409754    17.647259247094    35.446091104525
Adsorbate-atom-position: 199 0    17.074648943287    48.865054246771    43.848637290961
Adsorbate-atom-position: 200 0    18.957151262666    31.926706660826    34.163189747869
Adsorbate-atom-position: 201 0    30.461982758087    48.006075458983    48.108013430740
Adsorbate-atom-position: 202 0    33.623027258894    20.846069013609    45.376895605202
Adsorbate-atom-position: 203 0    48.707593484336    17.386759409648    43.733528635915
Adsorbate-atom-position: 204 0    17.545713362299    43.282555246409    22.093829391427
Adsorbate-atom-position: 205 0    17.181962222487     9.110347353142    22.026669546127
Adsorbate-atom-position: 206 0    31.397190633895     8.264223360283    34.563866943480
Adsorbate-atom-position: 207 0    16.968386476856    29.700864328336    35.991928400145
Adsorbate-atom-position: 208 0     7.157736980900    47.307081077294     7.563291094510
Adsorbate-atom-position: 209 0    22.090762834159    30.184416913506     4.294343105945
Adsorbate-atom-position: 210 0     5.300364679151    31.602442726373    20.955418754354
Adsorbate-atom-position: 211 0    48.403383573853    21.802904104497    30.579253600510
Adsorbate-atom-position: 212 0     4.577361131525    17.161721199523    35.001351016395
Adsorbate-atom-position: 213 0    22.015544491455    48.542860950375    48.761403906029
Adsorbate-atom-position: 214 0    17.171639237197    16.697773988087    48.502862802591
Adsorbate-atom-position: 215 0    17.830767746383     8.559645907199    48.057967401943
Adsorbate-atom-position: 216 0     8.934173599529    44.007887050143    22.627582028049
Adsorbate-atom-position: 217 0    17.538484948323    48.764694496277    35.810257184348
Adsorbate-atom-position: 218 0    48.439459051812     8.679471193427    43.775728121110
Adsorbate-atom-position: 219 0     5.336151356344     5.139593355034    21.474934915789
Adsorbate-atom-position: 220 0    17.938324025818    21.699614381356     8.124051550610
Adsorbate-atom-position: 221 0    43.509441116133    30.703564884072    34.858616953021
Adsorbate-atom-position: 222 0    43.117936078185     3.827228946606    44.109667195166
Adsorbate-atom-position: 223 0    35.108300792555     4.597686236646    44.398996432999
Adsorbate-atom-position: 224 0     4.490911667389    35.025108576064    34.891151657097
Adsorbate-atom-position: 225 0    34.906461801880    35.288276912374    22.041335337152
Adsorbate-atom-position: 226 0     2.400657647845    29.015196560769    11.902802178968
Adsorbate-atom-position: 227 0    23.178269767946    40.541487484387    51.283985129220
Adsorbate-atom-position: 228 0    22.914501374623    35.827454508544    43.285275484880
Adsorbate-atom-position: 229 0     5.994013934282    14.890095484169    25.925564784423
Adsorbate-atom-position: 230 0    43.205037598433     3.756227516001    17.485566735884
Adsorbate-atom-velocity: 0 0    -1.195390808198    -0.776007802356     1.644347015244
Adsorbate-atom-velocity: 1 0     3.648066234840    -1.639596163191    -2.672360179378
Adsorbate-atom-velocity: 2 0    -1.095658096122    -0.298697239188     0.635326227843
Adsorbate-atom-velocity: 3 0     0.755496214645     0.374974721258     1.374556340309
Adsorbate-atom-velocity: 4 0     2.372917266725    -1.433119343927     0.917465160134
Adsorbate-atom-velocity: 5 0    -0.507546191914    -0.658777650415    -1.370821777179
Adsorbate-atom-velocity: 6 0    -0.924576112667     1.385606128652     0.525467720380
Adsorbate-atom-velocity: 7 0    -1.570777530969    -2.797145057086     0.545644759216
Adsorbate-atom-velocity: 8 0    -1.177538955614     0.893736716793    -1.678286430013
Adsorbate-atom-velocity: 9 0    -1.074960511140     0.630307082691     0.680892012124
Adsorbate-atom-velocity: 10 0     1.948502167109     1.327618445009    -0.499743168383
Adsorbate-atom-velocity: 11 0     0.455201186214    -1.181836167575     1.124789603081
Adsorbate-atom-velocity: 12 0    -1.482531620467     0.962492560306    -0.984464510933
Adsorbate-atom-velocity: 13 0    -0.408247619358     1.472660584741    -1.438442950302
Adsorbate-atom-velocity: 14 0    -2.651758531916     1.819524182532    -0.062224627022
Adsorbate-atom-velocity: 15 0    -2.511332147788     1.202408940839    -1.996753967188
Adsorbate-atom-velocity: 16 0     0.155908660733    -0.600791347989     0.564142397597
Adsorbate-atom-velocity: 17 0     1.371481516948    -0.691853732530     1.717968683039
Adsorbate-atom-velocity: 18 0    -0.305501421185    -0.389643246821    -1.348382819413
Adsorbate-atom-velocity: 19 0     0.144784527470    -3.936161187345    -2.093962005773
Adsorbate-atom-velocity: 20 0     0.150819673976    -0.628158605646     1.477942850786
Adsorbate-atom-velocity: 21 0     0.223728297527     0.800138014661    -0.469098119062
Adsorbate-atom-velocity: 22 0    -2.081476017382     0.548226035506    -2.277470517250
Adsorbate-atom-velocity: 23 0     1.501099537813     0.145048418722     0.839642600473
Adsorbate-atom-velocity: 24 0    -1.554294619666     0.238903971552    -3.102374914329
Adsorbate-atom-velocity: 25 0     0.563146736642    -0.750377656401     0.340161102240
Adsorbate-atom-velocity: 26 0    -0.083401266401     1.694100225836     0.230433112703
Adsorbate-atom-velocity: 27 0    -1.351744124029     0.831009431551    -0.378619028998
Adsorbate-atom-velocity: 28 0     2.070482280954    -1.543513530597     1.359262403065
Adsorbate-atom-velocity: 29 0    -0.213688213468    -1.244630237289     1.225015508343
Adsorbate-atom-velocity: 30 0     0.607146465841     0.245386485880     1.227550500712
Adsorbate-atom-velocity: 31 0    -0.930643347758    -1.557133858255     2.567869224137
Adsorbate-atom-velocity: 32 0    -0.105109537473     0.102927269122    -1.094622500597
Adsorbate-atom-velocity: 33 0     0.153453210903    -0.305388174291    -1.845179370360
Adsorbate-atom-velocity: 34 0    -1.558639046894    -0.067734935617     2.133349629093
Adsorbate-atom-velocity: 35 0     1.919083029568     0.894410962691     0.806449810594
Adsorbate-atom-velocity: 36 0     1.842744194836     1.813350884788     0.378777903994
Adsorbate-atom-velocity: 37 0     0.816335999931     0.417687499934     0.140722781439
Adsorbate-atom-velocity: 38 0     1.555401015413    -1.248808293428    -0.904345733438
Adsorbate-atom-velocity: 39 0     0.284522163832    -2.248282568729     1.948756381506
Adsorbate-atom-velocity: 40 0     0.570061134871     0.951894140490     0.662415454785
Adsorbate-atom-velocity: 41 0     0.039741984394    -1.591729210799     0.541723703800
Adsorbate-atom-velocity: 42 0    -2.808227547686    -1.569930984620     1.671039572974
Adsorbate-atom-velocity: 43 0    -1.088142046145    -1.213165005152    -2.589255544435
Adsorbate-atom-velocity: 44 0     2.408853051679     2.547176424648     0.220178462143
Adsorbate-atom-velocity: 45 0    -0.395234050940     1.537146204321     3.543178320171
Adsorbate-atom-velocity: 46 0    -1.251401866408     1.966421634968     2.220675427259
Adsorbate-atom-velocity: 47 0     0.655712849367    -0.929282611401    -0.998578137494
Adsorbate-atom-velocity: 48 0    -3.982772285584     0.594180551052     0.652657392971
Adsorbate-atom-velocity: 49 0     0.299588658988    -0.332047642691     1.129488753801
Adsorbate-atom-velocity: 50 0     1.567849270720    -0.954995155324    -1.216781174678
Adsorbate-atom-velocity: 51 0     0.570112195651    -0.305214854785     0.676765245853
Adsorbate-atom-velocity: 52 0    -0.116765352022    -2.132642775356    -0.010037061364
Adsorbate-atom-velocity: 53 0    -0.432586440436    -1.914476141418    -1.299669930614
Adsorbate-atom-velocity: 54 0     0.878430875698     0.655797859444    -0.058016122399
Adsorbate-atom-velocity: 55 0    -2.664411529757     0.040233089221     0.386523635513
Adsorbate-atom-velocity: 56 0    -0.689159757579     2.070516943328    -2.645350804799
Adsorbate-atom-velocity: 57 0     0.569572520135     1.504994490602    -2.890852394277
Adsorbate-atom-velocity: 58 0     0.454716168932     1.017532158425    -0.024839200516
Adsorbate-atom-velocity: 59 0    -1.849889687271    -0.779076609246    -2.091026867877
Adsorbate-atom-velocity: 60 0    -0.682718308586     0.730683948286     1.287712691350
Adsorbate-atom-velocity: 61 0     0.872296808322    -2.070945093287    -0.844333039716
Adsorbate-atom-velocity: 62 0     1.446524867493    -1.795187469893     0.208566587358
Adsorbate-atom-velocity: 63 0     1.624904846700     0.015517314478    -1.570233712152
Adsorbate-atom-velocity: 64 0     0.720774142833    -3.515956322405    -2.319780945619
Adsorbate-atom-velocity: 65 0     0.618434028734     1.421737761505    -0.185814409221
Adsorbate-atom-velocity: 66 0    -0.421062662410     0.205695347255     1.668492105201
Adsorbate-atom-velocity: 67 0     0.850330354481    -0.201102577553    -0.223107019689
Adsorbate-atom-velocity: 68 0     1.332500273113    -0.368088593813    -2.598924007482
Adsorbate-atom-velocity: 69 0     2.442140889349     0.454786051195     0.278248653437
Adsorbate-atom-velocity: 70 0    -1.024151287402    -0.762611142519     0.033529277602
Adsorbate-atom-velocity: 71 0    -0.860721587551     0.272120883994     2.365851456463
Adsorbate-atom-velocity: 72 0     1.371275330397     1.312757310385     3.396497980916
Adsorbate-atom-velocity: 73 0    -0.386178581358    -1.403489707960    -1.259844010530
Adsorbate-atom-velocity: 74 0     1.072980420469    -0.770601075946    -0.929686411764
Adsorbate-atom-velocity: 75 0     0.778283049893    -0.128455524687     1.167002969659
Adsorbate-atom-velocity: 76 0    -2.121766172528     2.471436118698    -0.800458516332
Adsorbate-atom-velocity: 77 0    -0.716946431614     0.060998594460     0.667077939362
Adsorbate-atom-velocity: 78 0     0.587634086133     0.886307400139    -0.664255036254
Adsorbate-atom-velocity: 79 0    -1.669630494230    -1.782232862979     0.759911301481
Adsorbate-atom-velocity: 80 0     0.820104289787    -1.946385052318     0.697109516007
Adsorbate-atom-velocity: 81 0     0.306617461197     0.266270934504     2.594274619341
Adsorbate-atom-velocity: 82 0    -1.299144935853    -0.111758542392    -1.346584278154
Adsorbate-atom-velocity: 83 0     0.148114582334    -0.656393282396     0.853778267742
Adsorbate-atom-velocity: 84 0     2.064134288669     0.851818578534    -0.321629203708
Adsorbate-atom-velocity: 85 0     0.380905655618    -0.177932244756    -1.020131985128
Adsorbate-atom-velocity: 86 0     1.156551893213     1.429249840853     1.065139326622
Adsorbate-atom-velocity: 87 0    -1.415080527997     1.324648540887    -0.758837070185
Adsorbate-atom-velocity: 88 0    -2.923692093779    -1.119975203244    -0.950741621583
Adsorbate-atom-velocity: 89 0     0.786716968242     1.287828673215    -1.131351565636
Adsorbate-atom-velocity: 90 0     1.533800439844    -0.359128066592    -1.444517610255
Adsorbate-atom-velocity: 91 0     1.226840079071     0.409895198090    -0.778478767280
Adsorbate-atom-velocity: 92 0    -0.769026141933     1.841270181295     0.801521740998
Adsorbate-atom-velocity: 93 0     0.085916985765    -0.474546911224    -0.553955444475
Adsorbate-atom-velocity: 94 0    -1.026128129045    -1.792396141715     0.876985905206
Adsorbate-atom-velocity: 95 0    -0.535517186590     0.858077901623     2.013233165340
Adsorbate-atom-velocity: 96 0    -1.205456351920    -2.653001953095     0.408334167540
Adsorbate-atom-velocity: 97 0    -0.123501900240     0.573769769862     1.578484456720
Adsorbate-atom-velocity: 98 0    -0.936849230484     0.642226791931    -1.004514720249
Adsorbate-atom-velocity: 99 0     0.458908551459     1.397036943962    -0.376875683138
Adsorbate-atom-velocity: 100 0    -0.485666965419     2.539958223451     1.568084020333
Adsorbate-atom-velocity: 101 0     2.171299122147     0.467754587801     0.070844171985
Adsorbate-atom-velocity: 102 0    -2.214450205055    -0.610762712991    -0.916782660218
Adsorbate-atom-velocity: 103 0    -0.013433182616    -0.349755519023    -1.210658035264
Adsorbate-atom-velocity: 104 0     0.392256397606     0.633897815378     1.923306999426
Adsorbate-atom-velocity: 105 0     0.185118285254    -0.366178749810     0.031535110037
Adsorbate-atom-velocity: 106 0     0.737347091127     0.673937383377    -0.957786550423
Adsorbate-atom-velocity: 107 0     1.768181219071     0.303917051645    -1.585000140795
Adsorbate-atom-velocity: 108 0     0.346096733226    -1.758599897856    -1.788212479059
Adsorbate-atom-velocity: 109 0     0.113241331467    -0.925449455786    -1.132846912707
Adsorbate-atom-velocity: 110 0     0.979986968322    -0.830805354901    -1.126835144190
Adsorbate-atom-velocity: 111 0    -1.578038288667    -1.527094669738     0.747618514948
Adsorbate-atom-velocity: 112 0     1.412393345292    -0.715673787386     2.267501200279
Adsorbate-atom-velocity: 113 0     0.740878779085    -1.714661721459    -0.163872495790
Adsorbate-atom-velocity: 114 0    -0.448362880177     0.898076652956     0.297434895630
Adsorbate-atom-velocity: 115 0    -0.270692372354     1.709170570374    -0.184397820285
Adsorbate-atom-velocity: 116 0    -1.178900524098     1.672411045234    -1.340181741904
Adsorbate-atom-velocity: 117 0     1.612746100341     2.098022609686    -0.233073192306
Adsorbate-atom-velocity: 118 0     0.169900415357    -1.044312538066     0.937839885488
Adsorbate-atom-velocity: 119 0     0.153323695004     1.257821340703    -2.678479530562
Adsorbate-atom-velocity: 120 0    -0.637294961967    -0.764176215059    -0.345409762562
Adsorbate-atom-velocity: 121 0    -1.636123844064    -1.494538256469    -0.778804417295
Adsorbate-atom-velocity: 122 0    -1.982721819181     1.392687263579     0.649767355374
Adsorbate-atom-velocity: 123 0    -1.172299097140    -2.132928622300    -0.945292710484
Adsorbate-atom-velocity: 124 0    -2.084072769808    -1.149479144551     0.071819994655
Adsorbate-atom-velocity: 125 0    -0.868998171218    -0.967991620395    -0.880414194216
Adsorbate-atom-velocity: 126 0     0.696685997150    -1.445748226408     0.583730252253
Adsorbate-atom-velocity: 127 0     1.268696335162    -1.340806745598     0.721223695523
Adsorbate-atom-velocity: 128 0     0.229276942672    -1.596042919312     0.472992237114
Adsorbate-atom-velocity: 129 0    -1.257211479285    -1.575968773430    -0.543593277135
Adsorbate-atom-velocity: 130 0    -0.544564559544    -2.689827854664    -0.773423441859
Adsorbate-atom-velocity: 131 0    -1.164119488205    -1.002579623723    -2.253059973796
Adsorbate-atom-velocity: 132 0     0.140047174624    -0.509377280858    -0.253426585442
Adsorbate-atom-velocity: 133 0     0.184242095546     0.296054438229    -0.149259725793
Adsorbate-atom-velocity: 134 0     1.609780558395    -0.839019306775    -0.075235057440
Adsorbate-atom-velocity: 135 0    -2.103258233552     0.602006415436    -0.413464639675
Adsorbate-atom-velocity: 136 0     0.320549543233    -0.196660999695    -0.366246746706
Adsorbate-atom-velocity: 137 0    -1.715423206672    -0.445301042355    -0.191731418069
Adsorbate-atom-velocity: 138 0    -0.993757744347     2.208896091721    -0.386148885223
Adsorbate-atom-velocity: 139 0    -0.198891743363     1.256451329514     1.129430421261
Adsorbate-atom-velocity: 140 0     2.583142592095    -0.228927763152     2.019912307150
Adsorbate-atom-velocity: 141 0    -1.301294622413    -0.222950407883     1.304650997327
Adsorbate-atom-velocity: 142 0     0.774579066564    -0.317771367203    -0.222499280232
Adsorbate-atom-velocity: 143 0     0.614348554918     3.100326954169     1.684254970247
Adsorbate-atom-velocity: 144 0     0.908601180311     0.992052193199     2.835199392391
Adsorbate-atom-velocity: 145 0     0.527856268688    -0.664986194530    -0.531824622453
Adsorbate-atom-velocity: 146 0    -1.918214096494    -2.705319524102     0.686536460990
Adsorbate-atom-velocity: 147 0     2.959849638084     1.407607022866     0.823616307920
Adsorbate-atom-velocity: 148 0    -1.057728734272    -0.791800080890     2.556602770163
Adsorbate-atom-velocity: 149 0     0.279242072956     2.657270869416     0.314955419146
Adsorbate-atom-velocity: 150 0    -0.044410823356     0.370700986719     0.558186743527
Adsorbate-atom-velocity: 151 0    -0.736010505509     0.317089523262    -2.662600583903
Adsorbate-atom-velocity: 152 0    -2.099364117727     0.814583279619    -0.227589756861
Adsorbate-atom-velocity: 153 0    -2.492513651315    -1.703447578456     0.395086184691
Adsorbate-atom-velocity: 154 0    -1.166162748240     2.184423588270    -0.949652604112
Adsorbate-atom-velocity: 155 0    -0.495880373549    -0.245053189407     0.565577144046
Adsorbate-atom-velocity: 156 0     0.321275588625     0.328566500261     2.917083499424
Adsorbate-atom-velocity: 157 0     1.996865601401     0.223611318034     0.300782642857
Adsorbate-atom-velocity: 158 0    -1.803756170347    -1.270236984153    -0.692630392105
Adsorbate-atom-velocity: 159 0     0.725351019596    -0.359126696263    -0.365113584162
Adsorbate-atom-velocity: 160 0    -0.001087878826     0.256559805704    -0.143164225693
Adsorbate-atom-velocity: 161 0     0.867078032567    -2.385904058806     0.930303508592
Adsorbate-atom-velocity: 162 0    -0.807784468840     0.882813586100    -1.382771376593
Adsorbate-atom-velocity: 163 0     2.086894687724     1.098806404476     1.068273337298
Adsorbate-atom-velocity: 164 0    -2.430003182103    -3.003362888537    -1.006248097843
Adsorbate-atom-velocity: 165 0    -0.165548430310     0.159743795768    -1.011639116021
Adsorbate-atom-velocity: 166 0     1.012905715510     3.245204018336     1.318881781104
Adsorbate-atom-velocity: 167 0    -1.241629853051     0.765215720849     0.838951913545
Adsorbate-atom-velocity: 168 0    -0.685174268641    -1.505133670500     0.703662920877
Adsorbate-atom-velocity: 169 0    -0.415442191633     1.750847457482    -0.049657768963
Adsorbate-atom-velocity: 170 0     0.048722014760     1.886887237392     0.704519037579
Adsorbate-atom-velocity: 171 0    -0.872547658359     2.337427494449     3.347353483703
Adsorbate-atom-velocity: 172 0    -1.782180468591    -1.033956021710    -0.863842311170
Adsorbate-atom-velocity: 173 0     0.889122133164    -2.334327915685     1.866134710865
Adsorbate-atom-velocity: 174 0     0.979523566343    -0.893925232883    -0.854061015302
Adsorbate-atom-velocity: 175 0    -0.796471290877    -0.045236005130     1.418705929637
Adsorbate-atom-velocity: 176 0    -1.018295434639    -0.763690658490    -1.878157796740
Adsorbate-atom-velocity: 177 0    -0.896891542771    -0.352736150895     0.681514620195
Adsorbate-atom-velocity: 178 0     1.151872444093     1.698522076517     1.651772228812
Adsorbate-atom-velocity: 179 0     2.103509569765     1.470532109262    -2.115132193077
Adsorbate-atom-velocity: 180 0    -1.624916898770    -0.629548103407    -3.220160366883
Adsorbate-atom-velocity: 181 0    -0.688467442062     1.072690813963     0.283305004719
Adsorbate-atom-velocity: 182 0     2.603668668948     0.608830019787     0.018376350000
Adsorbate-atom-velocity: 183 0     0.625714980167    -0.953568342636     0.754057723420
Adsorbate-atom-velocity: 184 0    -0.445330977313     0.602512780760     0.479406112274
Adsorbate-atom-velocity: 185 0     0.038625300652     0.262735037095     1.140556432776
Adsorbate-atom-velocity: 186 0     0.187256361495    -0.564843851026     0.932254765738
Adsorbate-atom-velocity: 187 0    -0.591224739704    -0.299648004974    -2.269397789304
Adsorbate-atom-velocity: 188 0     2.398861335464     0.039499806425     0.955842140309
Adsorbate-atom-velocity: 189 0     0.615469593300    -3.097902883860    -2.677971245421
Adsorbate-atom-velocity: 190 0    -0.115677662075    -0.588217455521    -3.725053123329
Adsorbate-atom-velocity: 191 0     0.774009021239    -0.977664838753    -1.520986564934
Adsorbate-atom-velocity: 192 0     0.675886140759     0.872028164434    -0.515222081316
Adsorbate-atom-velocity: 193 0     1.254975142830    -1.237154085070    -0.673126068726
Adsorbate-atom-velocity: 194 0    -0.929402132594    -0.255138350861     0.398292943984
Adsorbate-atom-velocity: 195 0     0.102155528034     0.133917318360     1.117820427658
Adsorbate-atom-velocity: 196 0     0.808754010676    -0.387482342185     2.102757883289
Adsorbate-atom-velocity: 197 0     0.078398190597     0.543117070332     0.938737292523
Adsorbate-atom-velocity: 198 0     1.793150609561     0.870543205489     2.042391480992
Adsorbate-atom-velocity: 199 0    -0.096452232538    -1.655587187849     0.328289080174
Adsorbate-atom-velocity: 200 0    -0.185461986905    -0.324900717380    -1.631622206234
Adsorbate-atom-velocity: 201 0     1.205775876456     0.801960898544    -2.104215772712
Adsorbate-atom-velocity: 202 0    -1.732189480360     2.460329673572    -1.582471896932
Adsorbate-atom-velocity: 203 0     0.779391787670     4.091454153132    -1.095324237302
Adsorbate-atom-velocity: 204 0     1.081467792347    -1.273789292475    -2.534519857390
Adsorbate-atom-velocity: 205 0     0.077864915868     0.340643685544     0.471862967091
Adsorbate-atom-velocity: 206 0     0.338574339754    -0.188878999531    -0.585554857152
Adsorbate-atom-velocity: 207 0     0.728076752344     0.104282208775     0.924448917177
Adsorbate-atom-velocity: 208 0     0.191234610356    -2.337028905876    -1.437382863713
Adsorbate-atom-velocity: 209 0     2.057088543491    -0.747309467300    -0.356712079897
Adsorbate-atom-velocity: 210 0     0.992139058981    -0.283017408366    -0.320811595531
Adsorbate-atom-velocity: 211 0    -0.549721045088    -2.066059286360    -1.483036952232
Adsorbate-atom-velocity: 212 0     1.779941705766    -0.963406891998    -0.975353659846
Adsorbate-atom-velocity: 213 0     1.567157804671    -0.628394760005    -0.603854734779
Adsorbate-atom-velocity: 214 0    -1.070930707056     0.763069595414    -1.013197300646
Adsorbate-atom-velocity: 215 0     0.033577769403     0.039008233364    -0.097771939036
Adsorbate-atom-velocity: 216 0     0.768913665171    -0.931268264013    -0.017508230500
Adsorbate-atom-velocity: 217 0     0.136264176027     2.857015554888    -0.499591082524
Adsorbate-atom-velocity: 218 0    -0.588856825735     0.010188970684    -3.870457452752
Adsorbate-atom-velocity: 219 0    -0.167146448178     0.632836996328     0.697932165172
Adsorbate-atom-velocity: 220 0    -1.237196084574    -1.771545421405     0.607647650403
Adsorbate-atom-velocity: 221 0     2.764578203475    -1.395295753677    -0.461551223672
Adsorbate-atom-velocity: 222 0    -2.421545465774    -1.582688457033    -1.934115765187
Adsorbate-atom-velocity: 223 0    -1.322560557913     1.273671793604    -0.380454011682
Adsorbate-atom-velocity: 224 0    -1.558499403786     1.601171336881    -2.676463504392
Adsorbate-atom-velocity: 225 0     0.155975199019    -1.077290129527    -1.111207392137
Adsorbate-atom-velocity: 226 0     0.987398882821    -0.891895658420    -0.649050737211
Adsorbate-atom-velocity: 227 0    -0.703461511664     0.533748327253    -0.276099939871
Adsorbate-atom-velocity: 228 0     0.489105571675     1.351575996019    -0.977193131115
Adsorbate-atom-velocity: 229 0     2.607745147018    -1.589140119194    -1.920097044303
Adsorbate-atom-velocity: 230 0     0.307125431458     0.255299662970     1.963343198712
Adsorbate-atom-force:    0 0     7.756885423656  -322.389225188402   351.518066707822
Adsorbate-atom-force:    1 0   204.773462495721   -52.924290012837   -18.313605246248
Adsorbate-atom-force:    2 0    40.018366206088   126.732493411214  -127.340980198548
Adsorbate-atom-force:    3 0   228.679380597662  -380.233630683411   253.589830550558
Adsorbate-atom-force:    4 0  -687.323494846079   -17.614872212310  -849.820162452406
Adsorbate-atom-force:    5 0   186.872498449501  -446.558367742644  -673.885152673760
Adsorbate-atom-force:    6 0    61.574395580519    35.819796535112   -31.986704751968
Adsorbate-atom-force:    7 0  -184.405861050290   662.139734104740   381.571477619523
Adsorbate-atom-force:    8 0   263.364465031759   373.815146244224  -397.466419341183
Adsorbate-atom-force:    9 0  -374.442285875293  -190.129665458161   134.114037819852
Adsorbate-atom-force:    10 0  -348.845270991869  -542.401560417110 -1315.298398199326
Adsorbate-atom-force:    11 0   135.566449945520  -148.838420951449   -97.574902840964
Adsorbate-atom-force:    12 0  -158.143336135147  -136.729543351774   264.326607977061
Adsorbate-atom-force:    13 0  -178.991497243647   241.525546334532   242.655372037861
Adsorbate-atom-force:    14 0   177.353927821480  -206.777610088919   301.820293400182
Adsorbate-atom-force:    15 0  -196.567149998131  -189.725928207027   227.975524926316
Adsorbate-atom-force:    16 0   132.729142018338    76.615739464082  -129.850311996669
Adsorbate-atom-force:    17 0   394.286001684728   305.262084115115  -388.929456293876
Adsorbate-atom-force:    18 0    26.738245242002   226.447545609071   359.592062181622
Adsorbate-atom-force:    19 0  -138.071693562957    -2.136734358193   125.667649760915
Adsorbate-atom-force:    20 0  -227.864822990826  -200.106043201394  -246.686054307108
Adsorbate-atom-force:    21 0   352.028987336820   -42.551143123997   269.703204341455
Adsorbate-atom-force:    22 0    67.026158691544   196.095104030583    14.863279037366
Adsorbate-atom-force:    23 0   128.791479188572  -114.108110266155   174.101886111328
Adsorbate-atom-force:    24 0   158.368615207877   713.495497913948  -651.415611346031
Adsorbate-atom-force:    25 0   149.583262178183   -60.483212819574    35.719373544277
Adsorbate-atom-force:    26 0    52.422971245223   135.060611830409   -39.867064329689
Adsorbate-atom-force:    27 0  -317.181033798161   278.936229022579   136.169359277098
Adsorbate-atom-force:    28 0  -274.964898926807   350.460089036903  -305.544834092323
Adsorbate-atom-force:    29 0  -969.213256187605  -486.027227864999   254.073294790673
Adsorbate-atom-force:    30 0   514.525096548669   319.399686675416  -235.935043090652
Adsorbate-atom-force:    31 0  -145.977012305064   235.191023816275   536.499944023851
Adsorbate-atom-force:    32 0    58.290971577662    68.125779198081    55.545385836436
Adsorbate-atom-force:    33 0   -84.080432589888   102.920613330920  -128.382621663117
Adsorbate-atom-force:    34 0  -273.771181804383   626.813868162445    -6.418505345157
Adsorbate-atom-force:    35 0  -158.952233131458  -156.735797573314    23.913229130138
Adsorbate-atom-force:    36 0   167.418240123383   -25.286093569828   142.858937237501
Adsorbate-atom-force:    37 0   -91.755673045531  -206.809592949013  -156.060488492837
Adsorbate-atom-force:    38 0   394.780108767061  -173.196320653450   363.884155711707
Adsorbate-atom-force:    39 0   429.264080193028  -945.058127885822   -65.928816703891
Adsorbate-atom-force:    40 0   582.528956821591    27.956401331249  -206.097762667223
Adsorbate-atom-force:    41 0  -221.176427981521    75.673671386058    29.010592553048
Adsorbate-atom-force:    42 0  -493.733673019355    26.743647686457   279.219819840594
Adsorbate-atom-force:    43 0  -126.875126050813   -23.925097189995    58.017642529351
Adsorbate-atom-force:    44 0   323.954247673757  -624.503890430135   243.475928920703
Adsorbate-atom-force:    45 0  -113.314567399278    54.923735646112  -113.544719730433
Adsorbate-atom-force:    46 0  -226.878799414778  -274.444759431212   171.862859468328
Adsorbate-atom-force:    47 0   -17.782254714753   216.777363860094    95.164394243149
Adsorbate-atom-force:    48 0   189.767504285339     4.223487841011   -10.287691911448
Adsorbate-atom-force:    49 0  -233.228903336544   412.688027375895   615.315136455417
Adsorbate-atom-force:    50 0    71.948570623838  -368.089249838399   -87.996256663686
Adsorbate-atom-force:    51 0   176.166189352239  -346.354258076096   161.531450966096
Adsorbate-atom-force:    52 0    58.342960654428    78.159143823003   333.318531644464
Adsorbate-atom-force:    53 0   -48.757840689194   105.680384812774    43.219258290234
Adsorbate-atom-force:    54 0    -5.319520047139    77.437750252743    11.549578734919
Adsorbate-atom-force:    55 0  -129.655383830291   -83.431141071772  -172.772723420321
Adsorbate-atom-force:    56 0   -95.876227460776   -66.914210496312    36.430919444970
Adsorbate-atom-force:    57 0   416.776597862859  -625.500082253105   402.864234861576
Adsorbate-atom-force:    58 0   -51.499426006564  -106.793927897930   102.497241950549
Adsorbate-atom-force:    59 0  -583.565379699637  -145.101866863969  -506.487412816272
Adsorbate-atom-force:    60 0   464.321955270005  -376.531301411325   169.027205749604
Adsorbate-atom-force:    61 0    -0.650668735665  -163.169538260231   462.917984946500
Adsorbate-atom-force:    62 0    -7.956982541642   -19.450615853100   -14.867683710373
Adsorbate-atom-force:    63 0   168.799329116355  -432.859567194849   508.701938468132
Adsorbate-atom-force:    64 0   327.332562859350    75.151328579850  -298.028309512596
Adsorbate-atom-force:    65 0   -22.217907863419   -62.589104132321  -220.105116017810
Adsorbate-atom-force:    66 0  -148.880776469736  -215.181617210859  -199.117057005411
Adsorbate-atom-force:    67 0   439.341691446828    79.651075207161  -180.668672865957
Adsorbate-atom-force:    68 0  -337.510556818973 -1058.346268192533   244.418366810260
Adsorbate-atom-force:    69 0    24.464581589758  -270.662026207423  -149.858985298740
Adsorbate-atom-force:    70 0   -39.996428941770   -33.097580894434  -214.294775796526
Adsorbate-atom-force:    71 0  -173.295729362570   436.927652700662  -563.977980550647
Adsorbate-atom-force:    72 0   705.570736466111  -213.158473594615   431.818269929276
Adsorbate-atom-force:    73 0  -323.115953088571  -207.074432033638   261.704303899717
Adsorbate-atom-force:    74 0   132.275690838661   553.810132724639   448.998718689635
Adsorbate-atom-force:    75 0  -224.016968167931  -106.663583506157  -149.371420300667
Adsorbate-atom-force:    76 0  -447.430238873125    -3.860783931175   568.929562637941
Adsorbate-atom-force:    77 0   180.315679174725  -830.947353000191   905.412879455669
Adsorbate-atom-force:    78 0   -46.163438781442     6.571232439400    13.738409510868
Adsorbate-atom-force:    79 0   238.499329460117   242.743169023790  -233.235118465844
Adsorbate-atom-force:    80 0   215.800335867822   192.348749696177   610.436058382783
Adsorbate-atom-force:    81 0  -356.506486890421   238.214593842062  -245.356546453642
Adsorbate-atom-force:    82 0  -290.121046615432  -174.203221206859  -289.177253145650
Adsorbate-atom-force:    83 0  1352.182090077881   963.958187076836   192.457332907777
Adsorbate-atom-force:    84 0   274.174333644436  -142.809037233664   274.999305714165
Adsorbate-atom-force:    85 0   -59.614141543446  -243.001689232839   257.977773148515
Adsorbate-atom-force:    86 0   440.176746010644  -316.892019861615   -25.717813194173
Adsorbate-atom-force:    87 0   -54.573334467855    18.741109694180  -201.235649178234
Adsorbate-atom-force:    88 0   240.063661863050   106.490767009171  -404.751089801387
Adsorbate-atom-force:    89 0   239.521841480102    62.900664959924   162.472495991346
Adsorbate-atom-force:    90 0  -103.008469166293   310.173522412238   247.774572396866
Adsorbate-atom-force:    91 0  -260.858441122546   317.248324446504   536.859832651545
Adsorbate-atom-force:    92 0   147.636547566811   481.735404712907  -142.722203924943
Adsorbate-atom-force:    93 0  -382.806986813133    42.723428677224  -365.862984122906
Adsorbate-atom-force:    94 0  -235.403863189566  -177.824494330247  -217.828295111598
Adsorbate-atom-force:    95 0   202.394732528635  -725.899295073281   359.670354404067
Adsorbate-atom-force:    96 0  -125.754694818097   158.121607772343   130.464369927889
Adsorbate-atom-force:    97 0   259.054712541275   716.424820712765   492.226843664614
Adsorbate-atom-force:    98 0  -176.061031855046   452.208865009562    15.496579391563
Adsorbate-atom-force:    99 0    62.614928941820   221.097265367546   346.860184130167
Adsorbate-atom-force:    100 0   270.607708885851  -728.633515425547   391.396048921371
Adsorbate-atom-force:    101 0  -247.668247719648    12.634389337003   -75.985490703655
Adsorbate-atom-force:    102 0   -24.369176401580   150.826340591015   105.958109388411
Adsorbate-atom-force:    103 0    -5.139671513070  -299.208171897398   -12.464339235765
Adsorbate-atom-force:    104 0  -221.676308320084   326.760213804844    52.621462983547
Adsorbate-atom-force:    105 0  -340.346981710477  -174.420401323263  -308.052395494655
Adsorbate-atom-force:    106 0   503.152431240718   136.023288801440  -573.182630561621
Adsorbate-atom-force:    107 0   123.433966175058  -106.429126531293   197.155051904675
Adsorbate-atom-force:    108 0    54.985446464416    29.928698659018   -27.585235308311
Adsorbate-atom-force:    109 0   116.618165620311   118.908704592371   220.409815734264
Adsorbate-atom-force:    110 0   -12.345373748449   183.840039055121   279.993657536500
Adsorbate-atom-force:    111 0   -70.355731638241   152.903876060180   -31.113275145102
Adsorbate-atom-force:    112 0   477.457660345925  -346.374057309287  -130.125840779193
Adsorbate-atom-force:    113 0   442.289847006819  -279.634579765290  -949.383416027205
Adsorbate-atom-force:    114 0  -251.701155325660    82.586198638404  -392.130018652667
Adsorbate-atom-force:    115 0     5.906747437328   -19.671762641892   -63.396028074193
Adsorbate-atom-force:    116 0  -196.745477796917   106.075071730113  -184.509533855047
Adsorbate-atom-force:    117 0   378.328611035626  -212.577012177002   -43.646466286657
Adsorbate-atom-force:    118 0  -305.736460267180   232.116465870712  -158.823352359914
Adsorbate-atom-force:    119 0  -124.333514741259  -576.375164685156   444.102223130135
Adsorbate-atom-force:    120 0    67.697073907017   -81.403810471416    24.378033569182
Adsorbate-atom-force:    121 0  -175.387223217762    -9.821120516960   269.565140158317
Adsorbate-atom-force:    122 0  -113.699021081683   329.775843562833   305.801758045720
Adsorbate-atom-force:    123 0     5.335020928464   -22.394662991817   445.792301481488
Adsorbate-atom-force:    124 0   -50.968743973947   177.276315947332   234.336743996167
Adsorbate-atom-force:    125 0   198.001719210532  -349.696879569518  -196.253444707229
Adsorbate-atom-force:    126 0   327.584426918870   209.505423679841   -38.727152724726
Adsorbate-atom-force:    127 0   133.517248182746  -115.644851060320    94.250157208084
Adsorbate-atom-force:    128 0   293.101055449622   255.222531511869   212.549442191109
Adsorbate-atom-force:    129 0   -11.608513034177    85.332831484811   223.477011388280
Adsorbate-atom-force:    130 0   308.011617623599  -231.867972443634  -247.277206410755
Adsorbate-atom-force:    131 0    93.988800221777  -828.588267354749  1059.230601319218
Adsorbate-atom-force:    132 0   187.565698915091  -138.145451417969  -147.502040220654
Adsorbate-atom-force:    133 0    74.845139949439   202.990082634709  -272.259791186671
Adsorbate-atom-force:    134 0   -19.919226569348   -35.374568247298   -88.424151083860
Adsorbate-atom-force:    135 0   -22.232359268219  -246.953289148552  -534.022355304437
Adsorbate-atom-force:    136 0   230.560062175609    43.234436796756   -39.545451103731
Adsorbate-atom-force:    137 0   296.174783615775  -186.672693933346   212.828033929901
Adsorbate-atom-force:    138 0  -205.745255425271   101.556808812011   248.390616700518
Adsorbate-atom-force:    139 0  -202.341152353516   -51.851372525756   296.185076665350
Adsorbate-atom-force:    140 0 -1092.832818734712  -481.251131084770   411.581841262491
Adsorbate-atom-force:    141 0   -65.830038295478  -916.063647358270   -57.464380721862
Adsorbate-atom-force:    142 0  -299.468750782348   -36.027763210970  -195.866020941345
Adsorbate-atom-force:    143 0   219.282140203086   113.682804823495  -181.541259907159
Adsorbate-atom-force:    144 0  -207.076496454073   207.362328892523  -567.889570436184
Adsorbate-atom-force:    145 0    40.865296288505   320.203840814856   417.942701106539
Adsorbate-atom-force:    146 0  2641.737673411573  1337.742912040559 -1747.150476072071
Adsorbate-atom-force:    147 0  -234.974046034244   122.370383029009  -217.913784057954
Adsorbate-atom-force:    148 0  -517.676169482077  -653.730176129518  -249.095291618564
Adsorbate-atom-force:    149 0   263.576876510027   270.554049172855   -68.768156195132
Adsorbate-atom-force:    150 0   -57.519705510439  -978.995305794894  -281.358269706433
Adsorbate-atom-force:    151 0   -62.176342302606  -123.630657564243   -31.767991403323
Adsorbate-atom-force:    152 0   817.153447021234  1094.558210399687  -220.347613638005
Adsorbate-atom-force:    153 0    50.213012707105   -31.288612109868   -79.591654134427
Adsorbate-atom-force:    154 0   861.323995568926   242.087361196539   283.612090029331
Adsorbate-atom-force:    155 0   210.388955549455  -251.516149777898   216.355510259470
Adsorbate-atom-force:    156 0    73.599459614652  -380.586778633129  -217.236519051020
Adsorbate-atom-force:    157 0   -50.530374771294  -144.829017178159   -80.354400500617
Adsorbate-atom-force:    158 0   371.098630831412   236.325533765132  -899.103041090712
Adsorbate-atom-force:    159 0   245.489065604150  -231.882564095294   205.625483829654
Adsorbate-atom-force:    160 0  -100.895943338221   -67.682685154567   -54.032935644365
Adsorbate-atom-force:    161 0  -391.424551872668  -326.191858107949   -88.367362194779
Adsorbate-atom-force:    162 0  -670.914502912300    79.529957191202  1310.954570052976
Adsorbate-atom-force:    163 0   -30.523190631041  -201.521130119750   166.519647671234
Adsorbate-atom-force:    164 0  -169.097795437032   -41.566367609741  -191.428498360495
Adsorbate-atom-force:    165 0   750.483764779305   308.575892998555   366.350631134007
Adsorbate-atom-force:    166 0  -187.128768930946  -176.262996062929   -85.174624859581
Adsorbate-atom-force:    167 0  -321.227711840061  -223.061783598936  -269.497629174549
Adsorbate-atom-force:    168 0  -237.317086251983  1241.228424725216  -711.387479823089
Adsorbate-atom-force:    169 0  -124.253999869186   -85.833744632599   -17.677248942298
Adsorbate-atom-force:    170 0   170.419511866598   -71.968027779880   203.685292687943
Adsorbate-atom-force:    171 0     6.458957349507   191.353687809514  -352.357093157563
Adsorbate-atom-force:    172 0    29.896990656520  -177.389124210979  -160.126761162476
Adsorbate-atom-force:    173 0  -154.599578094729    99.228048639646   292.172250377018
Adsorbate-atom-force:    174 0   230.280652870806   182.823864138619    58.816100061208
Adsorbate-atom-force:    175 0   131.535137144443   672.245899452628   479.260361525246
Adsorbate-atom-force:    176 0   101.067138961419  -163.438278963640    59.918249661634
Adsorbate-atom-force:    177 0   470.027690501237   623.785649326012   141.693355194502
Adsorbate-atom-force:    178 0  -329.398761937401  -211.503805356588   540.960263661810
Adsorbate-atom-force:    179 0  -640.985349916226 -1191.585044222513   660.682638929182
Adsorbate-atom-force:    180 0   203.895206583129  -287.758809732733  -294.361476901615
Adsorbate-atom-force:    181 0    46.837251435143  -153.677559470638  -147.404813507607
Adsorbate-atom-force:    182 0  -191.312399012422    88.219788025702  -277.905826071736
Adsorbate-atom-force:    183 0  -191.613134189782   388.551000069565   538.064957469628
Adsorbate-atom-force:    184 0   789.825828897322  -481.178668807737 -1409.120567664370
Adsorbate-atom-force:    185 0   161.072657104545   257.711967569295  -101.014837625294
Adsorbate-atom-force:    186 0    75.249948849717   -54.719107309575   139.968288102138
Adsorbate-atom-force:    187 0   306.048584803696   397.162836590342  -191.417424913551
Adsorbate-atom-force:    188 0   154.887238730991  -146.105113710049   238.367474952841
Adsorbate-atom-force:    189 0   658.970419654970   316.962349610519   646.476225988761
Adsorbate-atom-force:    190 0   448.591587335100   377.556976333892  -683.355625924544
Adsorbate-atom-force:    191 0   231.110014688145   -70.420200213016   141.623949921398
Adsorbate-atom-force:    192 0  -392.418163421671    99.544109163672  -358.868787269411
Adsorbate-atom-force:    193 0  -351.785409039270   -93.501480589849   284.053511968878
Adsorbate-atom-force:    194 0   232.051087427183    55.725999353351    47.556107752131
Adsorbate-atom-force:    195 0  -195.375229431905  -153.833829136149   174.465447348632
Adsorbate-atom-force:    196 0   -28.330141463559    94.167715166781  -174.135853405722
Adsorbate-atom-force:    197 0  -622.155465390688  -383.660301834007   340.599521046671
Adsorbate-atom-force:    198 0  -234.979286325691  -272.537101190262  -280.258504494440
Adsorbate-atom-force:    199 0   211.471493757843  -248.156601168892  -138.079654189621
Adsorbate-atom-force:    200 0  -257.319191437324   563.971377822992  -725.398361228554
Adsorbate-atom-force:    201 0   548.010749603315   515.827607731851    88.907043031131
Adsorbate-atom-force:    202 0   195.189803483737  -271.396050938786    55.730813104789
Adsorbate-atom-force:    203 0  -156.310861968874    10.400517651430    -0.583734163522
Adsorbate-atom-force:    204 0  -197.553329419650   388.498007300014   -17.124106713161
Adsorbate-atom-force:    205 0   235.198291667210  -195.418443340909    17.437980080854
Adsorbate-atom-force:    206 0  -420.211612929731  -178.253409902007    25.809571707860
Adsorbate-atom-force:    207 0     3.700531209063   -55.711957209724    -6.038067686621
Adsorbate-atom-force:    208 0   865.306852096823  -889.129617628518  -783.493146933347
Adsorbate-atom-force:    209 0   -34.667624610383   332.069617158056    -6.533736160997
Adsorbate-atom-force:    210 0   -59.161065340941   -36.540981998316   126.248767125870
Adsorbate-atom-force:    211 0  -201.978210620667   269.781696682293   242.784900199451
Adsorbate-atom-force:    212 0  -380.462731844155   525.738590870127   142.024575130141
Adsorbate-atom-force:    213 0    45.824168022768  -144.176484155683  -270.054563075018
Adsorbate-atom-force:    214 0   133.050121641083   333.869672108490   -14.142322169101
Adsorbate-atom-force:    215 0    -5.940315766074  -108.242121208355   -69.443488097047
Adsorbate-atom-force:    216 0   -19.531835889477  -551.240964879401  -531.064762937409
Adsorbate-atom-force:    217 0  -220.401371051875  -202.897967352296  -311.644454758486
Adsorbate-atom-force:    218 0  -145.634116855308   220.992643246390   149.189521685039
Adsorbate-atom-force:    219 0 -1062.335383187699   294.965112118691  -623.149342208234
Adsorbate-atom-force:    220 0   440.047288271957  -610.594471188128  1015.427805003338
Adsorbate-atom-force:    221 0   530.707399332794   178.791987389988   793.224791885865
Adsorbate-atom-force:    222 0   488.179201667212   225.660038024868 -1261.622510857053
Adsorbate-atom-force:    223 0  -560.662283685291   360.739380691161 -1006.544516149802
Adsorbate-atom-force:    224 0    89.325465848578   -99.206444606685   184.174957224400
Adsorbate-atom-force:    225 0   644.311048582826   -30.940299449223   -48.144864811941
Adsorbate-atom-force:    226 0  -339.067137691542  -342.877385982941   405.753030579957
Adsorbate-atom-force:    227 0  -121.240986948448    96.075643597332  -141.629387354680
Adsorbate-atom-force:    228 0  -217.048534426933  -231.336030599398   236.956282690385
Adsorbate-atom-force:    229 0   -39.741155120352  -249.398622299672   238.531267739347
Adsorbate-atom-force:    230 0   242.146946692209   216.644601301046  -149.678506711825
Adsorbate-atom-charge:   0 0     0.000000000000
Adsorbate-atom-charge:   1 0     0.000000000000
Adsorbate-atom-charge:   2 0     0.000000000000
Adsorbate-atom-charge:   3 0     0.000000000000
Adsorbate-atom-charge:   4 0     0.000000000000
Adsorbate-atom-charge:   5 0     0.000000000000
Adsorbate-atom-charge:   6 0     0.000000000000
Adsorbate-atom-charge:   7 0     0.000000000000
Adsorbate-atom-charge:   8 0     0.000000000000
Adsorbate-atom-charge:   9 0     0.000000000000
Adsorbate-atom-charge:   10 0     0.000000000000
Adsorbate-atom-charge:   11 0     0.000000000000
Adsorbate-atom-charge:   12 0     0.000000000000
Adsorbate-atom-charge:   13 0     0.000000000000
Adsorbate-atom-charge:   14 0     0.000000000000
Adsorbate-atom-charge:   15 0     0.000000000000
Adsorbate-atom-charge:   16 0     0.000000000000
Adsorbate-atom-charge:   17 0     0.000000000000
Adsorbate-atom-charge:   18 0     0.000000000000
Adsorbate-atom-charge:   19 0     0.000000000000
Adsorbate-atom-charge:   20 0     0.000000000000
Adsorbate-atom-charge:   21 0     0.000000000000
Adsorbate-atom-charge:   22 0     0.000000000000
Adsorbate-atom-charge:   23 0     0.000000000000
Adsorbate-atom-charge:   24 0     0.000000000000
Adsorbate-atom-charge:   25 0     0.000000000000
Adsorbate-atom-charge:   26 0     0.000000000000
Adsorbate-atom-charge:   27 0     0.000000000000
Adsorbate-atom-charge:   28 0     0.000000000000
Adsorbate-atom-charge:   29 0     0.000000000000
Adsorbate-atom-charge:   30 0     0.000000000000
Adsorbate-atom-charge:   31 0     0.000000000000
Adsorbate-atom-charge:   32 0     0.000000000000
Adsorbate-atom-charge:   33 0     0.000000000000
Adsorbate-atom-charge:   34 0     0.000000000000
Adsorbate-atom-charge:   35 0     0.000000000000
Adsorbate-atom-charge:   36 0     0.000000000000
Adsorbate-atom-charge:   37 0     0.000000000000
Adsorbate-atom-charge:   38 0     0.000000000000
Adsorbate-atom-charge:   39 0     0.000000000000
Adsorbate-atom-charge:   40 0     0.000000000000
Adsorbate-atom-charge:   41 0     0.000000000000
Adsorbate-atom-charge:   42 0     0.000000000000
Adsorbate-atom-charge:   43 0     0.000000000000
Adsorbate-atom-charge:   44 0     0.000000000000
Adsorbate-atom-charge:   45 0     0.000000000000
Adsorbate-atom-charge:   46 0     0.000000000000
Adsorbate-atom-charge:   47 0     0.000000000000
Adsorbate-atom-charge:   48 0     0.000000000000
Adsorbate-atom-charge:   49 0     0.000000000000
Adsorbate-atom-charge:   50 0     0.000000000000
Adsorbate-atom-charge:   51 0     0.000000000000
Adsorbate-atom-charge:   52 0     0.000000000000
Adsorbate-atom-charge:   53 0     0.000000000000
Adsorbate-atom-charge:   54 0     0.000000000000
Adsorbate-atom-charge:   55 0     0.000000000000
Adsorbate-atom-charge:   56 0     0.000000000000
Adsorbate-atom-charge:   57 0     0.000000000000
Adsorbate-atom-charge:   58 0     0.000000000000
Adsorbate-atom-charge:   59 0     0.000000000000
Adsorbate-atom-charge:   60 0     0.000000000000
Adsorbate-atom-charge:   61 0     0.000000000000
Adsorbate-atom-charge:   62 0     0.000000000000
Adsorbate-atom-charge:   63 0     0.000000000000
Adsorbate-atom-charge:   64 0     0.000000000000
Adsorbate-atom-charge:   65 0     0.000000000000
Adsorbate-atom-charge:   66 0     0.000000000000
Adsorbate-atom-charge:   67 0     0.000000000000
Adsorbate-atom-charge:   68 0     0.000000000000
Adsorbate-atom-charge:   69 0     0.000000000000
Adsorbate-atom-charge:   70 0     0.000000000000
Adsorbate-atom-charge:   71 0     0.000000000000
Adsorbate-atom-charge:   72 0     0.000000000000
Adsorbate-atom-charge:   73 0     0.000000000000
Adsorbate-atom-charge:   74 0     0.000000000000
Adsorbate-atom-charge:   75 0     0.000000000000
Adsorbate-atom-charge:   76 0     0.000000000000
Adsorbate-atom-charge:   77 0     0.000000000000
Adsorbate-atom-charge:   78 0     0.000000000000
Adsorbate-atom-charge:   79 0     0.000000000000
Adsorbate-atom-charge:   80 0     0.000000000000
Adsorbate-atom-charge:   81 0     0.000000000000
Adsorbate-atom-charge:   82 0     0.000000000000
Adsorbate-atom-charge:   83 0     0.000000000000
Adsorbate-atom-charge:   84 0     0.000000000000
Adsorbate-atom-charge:   85 0     0.000000000000
Adsorbate-atom-charge:   86 0     0.000000000000
Adsorbate-atom-charge:   87 0     0.000000000000
Adsorbate-atom-charge:   88 0     0.000000000000
Adsorbate-atom-charge:   89 0     0.000000000000
Adsorbate-atom-charge:   90 0     0.000000000000
Adsorbate-atom-charge:   91 0     0.000000000000
Adsorbate-atom-charge:   92 0     0.000000000000
Adsorbate-atom-charge:   93 0     0.000000000000
Adsorbate-atom-charge:   94 0     0.000000000000
Adsorbate-atom-charge:   95 0     0.000000000000
Adsorbate-atom-charge:   96 0     0.000000000000
Adsorbate-atom-charge:   97 0     0.000000000000
Adsorbate-atom-charge:   98 0     0.000000000000
Adsorbate-atom-charge:   99 0     0.000000000000
Adsorbate-atom-charge:   100 0     0.000000000000
Adsorbate-atom-charge:   101 0     0.000000000000
Adsorbate-atom-charge:   102 0     0.000000000000
Adsorbate-atom-charge:   103 0     0.000000000000
Adsorbate-atom-charge:   104 0     0.000000000000
Adsorbate-atom-charge:   105 0     0.000000000000
Adsorbate-atom-charge:   106 0     0.000000000000
Adsorbate-atom-charge:   107 0     0.000000000000
Adsorbate-atom-charge:   108 0     0.000000000000
Adsorbate-atom-charge:   109 0     0.000000000000
Adsorbate-atom-charge:   110 0     0.000000000000
Adsorbate-atom-charge:   111 0     0.000000000000
Adsorbate-atom-charge:   112 0     0.000000000000
Adsorbate-atom-charge:   113 0     0.000000000000
Adsorbate-atom-charge:   114 0     0.000000000000
Adsorbate-atom-charge:   115 0     0.000000000000
Adsorbate-atom-charge:   116 0     0.000000000000
Adsorbate-atom-charge:   117 0     0.000000000000
Adsorbate-atom-charge:   118 0     0.000000000000
Adsorbate-atom-charge:   119 0     0.000000000000
Adsorbate-atom-charge:   120 0     0.000000000000
Adsorbate-atom-charge:   121 0     0.000000000000
Adsorbate-atom-charge:   122 0     0.000000000000
Adsorbate-atom-charge:   123 0     0.000000000000
Adsorbate-atom-charge:   124 0     0.000000000000
Adsorbate-atom-charge:   125 0     0.000000000000
Adsorbate-atom-charge:   126 0     0.000000000000
Adsorbate-atom-charge:   127 0     0.000000000000
Adsorbate-atom-charge:   128 0     0.000000000000
Adsorbate-atom-charge:   129 0     0.000000000000
Adsorbate-atom-charge:   130 0     0.000000000000
Adsorbate-atom-charge:   131 0     0.000000000000
Adsorbate-atom-charge:   132 0     0.000000000000
Adsorbate-atom-charge:   133 0     0.000000000000
Adsorbate-atom-charge:   134 0     0.000000000000
Adsorbate-atom-charge:   135 0     0.000000000000
Adsorbate-atom-charge:   136 0     0.000000000000
Adsorbate-atom-charge:   137 0     0.000000000000
Adsorbate-atom-charge:   138 0     0.000000000000
Adsorbate-atom-charge:   139 0     0.000000000000
Adsorbate-atom-charge:   140 0     0.000000000000
Adsorbate-atom-charge:   141 0     0.000000000000
Adsorbate-atom-charge:   142 0     0.000000000000
Adsorbate-atom-charge:   143 0     0.000000000000
Adsorbate-atom-charge:   144 0     0.000000000000
Adsorbate-atom-charge:   145 0     0.000000000000
Adsorbate-atom-charge:   146 0     0.000000000000
Adsorbate-atom-charge:   147 0     0.000000000000
Adsorbate-atom-charge:   148 0     0.000000000000
Adsorbate-atom-charge:   149 0     0.000000000000
Adsorbate-atom-charge:   150 0     0.000000000000
Adsorbate-atom-charge:   151 0     0.000000000000
Adsorbate-atom-charge:   152 0     0.000000000000
Adsorbate-atom-charge:   153 0     0.000000000000
Adsorbate-atom-charge:   154 0     0.000000000000
Adsorbate-atom-charge:   155 0     0.000000000000
Adsorbate-atom-charge:   156 0     0.000000000000
Adsorbate-atom-charge:   157 0     0.000000000000
Adsorbate-atom-charge:   158 0     0.000000000000
Adsorbate-atom-charge:   159 0     0.000000000000
Adsorbate-atom-charge:   160 0     0.000000000000
Adsorbate-atom-charge:   161 0     0.000000000000
Adsorbate-atom-charge:   162 0     0.000000000000
Adsorbate-atom-charge:   163 0     0.000000000000
Adsorbate-atom-charge:   164 0     0.000000000000
Adsorbate-atom-charge:   165 0     0.000000000000
Adsorbate-atom-charge:   166 0     0.000000000000
Adsorbate-atom-charge:   167 0     0.000000000000
Adsorbate-atom-charge:   168 0     0.000000000000
Adsorbate-atom-charge:   169 0     0.000000000000
Adsorbate-atom-charge:   170 0     0.000000000000
Adsorbate-atom-charge:   171 0     0.000000000000
Adsorbate-atom-charge:   172 0     0.000000000000
Adsorbate-atom-charge:   173 0     0.000000000000
Adsorbate-atom-charge:   174 0     0.000000000000
Adsorbate-atom-charge:   175 0     0.000000000000
Adsorbate-atom-charge:   176 0     0.000000000000
Adsorbate-atom-charge:   177 0     0.000000000000
Adsorbate-atom-charge:   178 0     0.000000000000
Adsorbate-atom-charge:   179 0     0.000000000000
Adsorbate-atom-charge:   180 0     0.000000000000
Adsorbate-atom-charge:   181 0     0.000000000000
Adsorbate-atom-charge:   182 0     0.000000000000
Adsorbate-atom-charge:   183 0     0.000000000000
Adsorbate-atom-charge:   184 0     0.000000000000
Adsorbate-atom-charge:   185 0     0.000000000000
Adsorbate-atom-charge:   186 0     0.000000000000
Adsorbate-atom-charge:   187 0     0.000000000000
Adsorbate-atom-charge:   188 0     0.000000000000
Adsorbate-atom-charge:   189 0     0.000000000000
Adsorbate-atom-charge:   190 0     0.000000000000
Adsorbate-atom-charge:   191 0     0.000000000000
Adsorbate-atom-charge:   192 0     0.000000000000
Adsorbate-atom-charge:   193 0     0.000000000000
Adsorbate-atom-charge:   194 0     0.000000000000
Adsorbate-atom-charge:   195 0     0.000000000000
Adsorbate-atom-charge:   196 0     0.000000000000
Adsorbate-atom-charge:   197 0     0.000000000000
Adsorbate-atom-charge:   198 0     0.000000000000
Adsorbate-atom-charge:   199 0     0.000000000000
Adsorbate-atom-charge:   200 0     0.000000000000
Adsorbate-atom-charge:   201 0     0.000000000000
Adsorbate-atom-charge:   202 0     0.000000000000
Adsorbate-atom-charge:   203 0     0.000000000000
Adsorbate-atom-charge:   204 0     0.000000000000
Adsorbate-atom-charge:   205 0     0.000000000000
Adsorbate-atom-charge:   206 0     0.000000000000
Adsorbate-atom-charge:   207 0     0.000000000000
Adsorbate-atom-charge:   208 0     0.000000000000
Adsorbate-atom-charge:   209 0     0.000000000000
Adsorbate-atom-charge:   210 0     0.000000000000
Adsorbate-atom-charge:   211 0     0.000000000000
Adsorbate-atom-charge:   212 0     0.000000000000
Adsorbate-atom-charge:   213 0     0.000000000000
Adsorbate-atom-charge:   214 0     0.000000000000
Adsorbate-atom-charge:   215 0     0.000000000000
Adsorbate-atom-charge:   216 0     0.000000000000
Adsorbate-atom-charge:   217 0     0.000000000000
Adsorbate-atom-charge:   218 0     0.000000000000
Adsorbate-atom-charge:   219 0     0.000000000000
Adsorbate-atom-charge:   220 0     0.000000000000
Adsorbate-atom-charge:   221 0     0.000000000000
Adsorbate-atom-charge:   222 0     0.000000000000
Adsorbate-atom-charge:   223 0     0.000000000000
Adsorbate-atom-charge:   224 0     0.000000000000
Adsorbate-atom-charge:   225 0     0.000000000000
Adsorbate-atom-charge:   226 0     0.000000000000
Adsorbate-atom-charge:   227 0     0.000000000000
Adsorbate-atom-charge:   228 0     0.000000000000
Adsorbate-atom-charge:   229 0     0.000000000000
Adsorbate-atom-charge:   230 0     0.000000000000
Adsorbate-atom-scaling:  0 0     1.000000000000
Adsorbate-atom-scaling:  1 0     1.000000000000
Adsorbate-atom-scaling:  2 0     1.000000000000
Adsorbate-atom-scaling:  3 0     1.000000000000
Adsorbate-atom-scaling:  4 0     1.000000000000
Adsorbate-atom-scaling:  5 0     1.000000000000
Adsorbate-atom-scaling:  6 0     1.000000000000
Adsorbate-atom-scaling:  7 0     1.000000000000
Adsorbate-atom-scaling:  8 0     1.000000000000
Adsorbate-atom-scaling:  9 0     1.000000000000
Adsorbate-atom-scaling:  10 0     1.000000000000
Adsorbate-atom-scaling:  11 0     1.000000000000
Adsorbate-atom-scaling:  12 0     1.000000000000
Adsorbate-atom-scaling:  13 0     1.000000000000
Adsorbate-atom-scaling:  14 0     1.000000000000
Adsorbate-atom-scaling:  15 0     1.000000000000
Adsorbate-atom-scaling:  16 0     1.000000000000
Adsorbate-atom-scaling:  17 0     1.000000000000
Adsorbate-atom-scaling:  18 0     1.000000000000
Adsorbate-atom-scaling:  19 0     1.000000000000
Adsorbate-atom-scaling:  20 0     1.000000000000
Adsorbate-atom-scaling:  21 0     1.000000000000
Adsorbate-atom-scaling:  22 0     1.000000000000
Adsorbate-atom-scaling:  23 0     1.000000000000
Adsorbate-atom-scaling:  24 0     1.000000000000
Adsorbate-atom-scaling:  25 0     1.000000000000
Adsorbate-atom-scaling:  26 0     1.000000000000
Adsorbate-atom-scaling:  27 0     1.000000000000
Adsorbate-atom-scaling:  28 0     1.000000000000
Adsorbate-atom-scaling:  29 0     1.000000000000
Adsorbate-atom-scaling:  30 0     1.000000000000
Adsorbate-atom-scaling:  31 0     1.000000000000
Adsorbate-atom-scaling:  32 0     1.000000000000
Adsorbate-atom-scaling:  33 0     1.000000000000
Adsorbate-atom-scaling:  34 0     1.000000000000
Adsorbate-atom-scaling:  35 0     1.000000000000
Adsorbate-atom-scaling:  36 0     1.000000000000
Adsorbate-atom-scaling:  37 0     1.000000000000
Adsorbate-atom-scaling:  38 0     1.000000000000
Adsorbate-atom-scaling:  39 0     1.000000000000
Adsorbate-atom-scaling:  40 0     1.000000000000
Adsorbate-atom-scaling:  41 0     1.000000000000
Adsorbate-atom-scaling:  42 0     1.000000000000
Adsorbate-atom-scaling:  43 0     1.000000000000
Adsorbate-atom-scaling:  44 0     1.000000000000
Adsorbate-atom-scaling:  45 0     1.000000000000
Adsorbate-atom-scaling:  46 0     1.000000000000
Adsorbate-atom-scaling:  47 0     1.000000000000
Adsorbate-atom-scaling:  48 0     1.000000000000
Adsorbate-atom-scaling:  49 0     1.000000000000
Adsorbate-atom-scaling:  50 0     1.000000000000
Adsorbate-atom-scaling:  51 0     1.000000000000
Adsorbate-atom-scaling:  52 0     1.000000000000
Adsorbate-atom-scaling:  53 0     1.000000000000
Adsorbate-atom-scaling:  54 0     1.000000000000
Adsorbate-atom-scaling:  55 0     1.000000000000
Adsorbate-atom-scaling:  56 0     1.000000000000
Adsorbate-atom-scaling:  57 0     1.000000000000
Adsorbate-atom-scaling:  58 0     1.000000000000
Adsorbate-atom-scaling:  59 0     1.000000000000
Adsorbate-atom-scaling:  60 0     1.000000000000
Adsorbate-atom-scaling:  61 0     1.000000000000
Adsorbate-atom-scaling:  62 0     1.000000000000
Adsorbate-atom-scaling:  63 0     1.000000000000
Adsorbate-atom-scaling:  64 0     1.000000000000
Adsorbate-atom-scaling:  65 0     1.000000000000
Adsorbate-atom-scaling:  66 0     1.000000000000
Adsorbate-atom-scaling:  67 0     1.000000000000
Adsorbate-atom-scaling:  68 0     1.000000000000
Adsorbate-atom-scaling:  69 0     1.000000000000
Adsorbate-atom-scaling:  70 0     1.000000000000
Adsorbate-atom-scaling:  71 0     1.000000000000
Adsorbate-atom-scaling:  72 0     1.000000000000
Adsorbate-atom-scaling:  73 0     1.000000000000
Adsorbate-atom-scaling:  74 0     1.000000000000
Adsorbate-atom-scaling:  75 0     1.000000000000
Adsorbate-atom-scaling:  76 0     1.000000000000
Adsorbate-atom-scaling:  77 0     1.000000000000
Adsorbate-atom-scaling:  78 0     1.000000000000
Adsorbate-atom-scaling:  79 0     1.000000000000
Adsorbate-atom-scaling:  80 0     1.000000000000
Adsorbate-atom-scaling:  81 0     1.000000000000
Adsorbate-atom-scaling:  82 0     1.000000000000
Adsorbate-atom-scaling:  83 0     1.000000000000
Adsorbate-atom-scaling:  84 0     1.000000000000
Adsorbate-atom-scaling:  85 0     1.000000000000
Adsorbate-atom-scaling:  86 0     1.000000000000
Adsorbate-atom-scaling:  87 0     1.000000000000
Adsorbate-atom-scaling:  88 0     1.000000000000
Adsorbate-atom-scaling:  89 0     1.000000000000
Adsorbate-atom-scaling:  90 0     1.000000000000
Adsorbate-atom-scaling:  91 0     1.000000000000
Adsorbate-atom-scaling:  92 0     1.000000000000
Adsorbate-atom-scaling:  93 0     1.000000000000
Adsorbate-atom-scaling:  94 0     1.000000000000
Adsorbate-atom-scaling:  95 0     1.000000000000
Adsorbate-atom-scaling:  96 0     1.000000000000
Adsorbate-atom-scaling:  97 0     1.000000000000
Adsorbate-atom-scaling:  98 0     1.000000000000
Adsorbate-atom-scaling:  99 0     1.000000000000
Adsorbate-atom-scaling:  100 0     1.000000000000
Adsorbate-atom-scaling:  101 0     1.000000000000
Adsorbate-atom-scaling:  102 0     1.000000000000
Adsorbate-atom-scaling:  103 0     1.000000000000
Adsorbate-atom-scaling:  104 0     1.000000000000
Adsorbate-atom-scaling:  105 0     1.000000000000
Adsorbate-atom-scaling:  106 0     1.000000000000
Adsorbate-atom-scaling:  107 0     1.000000000000
Adsorbate-atom-scaling:  108 0     1.000000000000
Adsorbate-atom-scaling:  109 0     1.000000000000
Adsorbate-atom-scaling:  110 0     1.000000000000
Adsorbate-atom-scaling:  111 0     1.000000000000
Adsorbate-atom-scaling:  112 0     1.000000000000
Adsorbate-atom-scaling:  113 0     1.000000000000
Adsorbate-atom-scaling:  114 0     1.000000000000
Adsorbate-atom-scaling:  115 0     1.000000000000
Adsorbate-atom-scaling:  116 0     1.000000000000
Adsorbate-atom-scaling:  117 0     1.000000000000
Adsorbate-atom-scaling:  118 0     1.000000000000
Adsorbate-atom-scaling:  119 0     1.000000000000
Adsorbate-atom-scaling:  120 0     1.000000000000
Adsorbate-atom-scaling:  121 0     1.000000000000
Adsorbate-atom-scaling:  122 0     1.000000000000
Adsorbate-atom-scaling:  123 0     1.000000000000
Adsorbate-atom-scaling:  124 0     1.000000000000
Adsorbate-atom-scaling:  125 0     1.000000000000
Adsorbate-atom-scaling:  126 0     1.000000000000
Adsorbate-atom-scaling:  127 0     1.000000000000
Adsorbate-atom-scaling:  128 0     1.000000000000
Adsorbate-atom-scaling:  129 0     1.000000000000
Adsorbate-atom-scaling:  130 0     1.000000000000
Adsorbate-atom-scaling:  131 0     1.000000000000
Adsorbate-atom-scaling:  132 0     1.000000000000
Adsorbate-atom-scaling:  133 0     1.000000000000
Adsorbate-atom-scaling:  134 0     1.000000000000
Adsorbate-atom-scaling:  135 0     1.000000000000
Adsorbate-atom-scaling:  136 0     1.000000000000
Adsorbate-atom-scaling:  137 0     1.000000000000
Adsorbate-atom-scaling:  138 0     1.000000000000
Adsorbate-atom-scaling:  139 0     1.000000000000
Adsorbate-atom-scaling:  140 0     1.000000000000
Adsorbate-atom-scaling:  141 0     1.000000000000
Adsorbate-atom-scaling:  142 0     1.000000000000
Adsorbate-atom-scaling:  143 0     1.000000000000
Adsorbate-atom-scaling:  144 0     1.000000000000
Adsorbate-atom-scaling:  145 0     1.000000000000
Adsorbate-atom-scaling:  146 0     1.000000000000
Adsorbate-atom-scaling:  147 0     1.000000000000
Adsorbate-atom-scaling:  148 0     1.000000000000
Adsorbate-atom-scaling:  149 0     1.000000000000
Adsorbate-atom-scaling:  150 0     1.000000000000
Adsorbate-atom-scaling:  151 0     1.000000000000
Adsorbate-atom-scaling:  152 0     1.000000000000
Adsorbate-atom-scaling:  153 0     1.000000000000
Adsorbate-atom-scaling:  154 0     1.000000000000
Adsorbate-atom-scaling:  155 0     1.000000000000
Adsorbate-atom-scaling:  156 0     1.000000000000
Adsorbate-atom-scaling:  157 0     1.000000000000
Adsorbate-atom-scaling:  158 0     1.000000000000
Adsorbate-atom-scaling:  159 0     1.000000000000
Adsorbate-atom-scaling:  160 0     1.000000000000
Adsorbate-atom-scaling:  161 0     1.000000000000
Adsorbate-atom-scaling:  162 0     1.000000000000
Adsorbate-atom-scaling:  163 0     1.000000000000
Adsorbate-atom-scaling:  164 0     1.000000000000
Adsorbate-atom-scaling:  165 0     1.000000000000
Adsorbate-atom-scaling:  166 0     1.000000000000
Adsorbate-atom-scaling:  167 0     1.000000000000
Adsorbate-atom-scaling:  168 0     1.000000000000
Adsorbate-atom-scaling:  169 0     1.000000000000
Adsorbate-atom-scaling:  170 0     1.000000000000
Adsorbate-atom-scaling:  171 0     1.000000000000
Adsorbate-atom-scaling:  172 0     1.000000000000
Adsorbate-atom-scaling:  173 0     1.000000000000
Adsorbate-atom-scaling:  174 0     1.000000000000
Adsorbate-atom-scaling:  175 0     1.000000000000
Adsorbate-atom-scaling:  176 0     1.000000000000
Adsorbate-atom-scaling:  177 0     1.000000000000
Adsorbate-atom-scaling:  178 0     1.000000000000
Adsorbate-atom-scaling:  179 0     1.000000000000
Adsorbate-atom-scaling:  180 0     1.000000000000
Adsorbate-atom-scaling:  181 0     1.000000000000
Adsorbate-atom-scaling:  182 0     1.000000000000
Adsorbate-atom-scaling:  183 0     1.000000000000
Adsorbate-atom-scaling:  184 0     1.000000000000
Adsorbate-atom-scaling:  185 0     1.000000000000
Adsorbate-atom-scaling:  186 0     1.000000000000
Adsorbate-atom-scaling:  187 0     1.000000000000
Adsorbate-atom-scaling:  188 0     1.000000000000
Adsorbate-atom-scaling:  189 0     1.000000000000
Adsorbate-atom-scaling:  190 0     1.000000000000
Adsorbate-atom-scaling:  191 0     1.000000000000
Adsorbate-atom-scaling:  192 0     1.000000000000
Adsorbate-atom-scaling:  193 0     1.000000000000
Adsorbate-atom-scaling:  194 0     1.000000000000
Adsorbate-atom-scaling:  195 0     1.000000000000
Adsorbate-atom-scaling:  196 0     1.000000000000
Adsorbate-atom-scaling:  197 0     1.000000000000
Adsorbate-atom-scaling:  198 0     1.000000000000
Adsorbate-atom-scaling:  199 0     1.000000000000
Adsorbate-atom-scaling:  200 0     1.000000000000
Adsorbate-atom-scaling:  201 0     1.000000000000
Adsorbate-atom-scaling:  202 0     1.000000000000
Adsorbate-atom-scaling:  203 0     1.000000000000
Adsorbate-atom-scaling:  204 0     1.000000000000
Adsorbate-atom-scaling:  205 0     1.000000000000
Adsorbate-atom-scaling:  206 0     1.000000000000
Adsorbate-atom-scaling:  207 0     1.000000000000
Adsorbate-atom-scaling:  208 0     1.000000000000
Adsorbate-atom-scaling:  209 0     1.000000000000
Adsorbate-atom-scaling:  210 0     1.000000000000
Adsorbate-atom-scaling:  211 0     1.000000000000
Adsorbate-atom-scaling:  212 0     1.000000000000
Adsorbate-atom-scaling:  213 0     1.000000000000
Adsorbate-atom-scaling:  214 0     1.000000000000
Adsorbate-atom-scaling:  215 0     1.000000000000
Adsorbate-atom-scaling:  216 0     1.000000000000
Adsorbate-atom-scaling:  217 0     1.000000000000
Adsorbate-atom-scaling:  218 0     1.000000000000
Adsorbate-atom-scaling:  219 0     1.000000000000
Adsorbate-atom-scaling:  220 0     1.000000000000
Adsorbate-atom-scaling:  221 0     1.000000000000
Adsorbate-atom-scaling:  222 0     1.000000000000
Adsorbate-atom-scaling:  223 0     1.000000000000
Adsorbate-atom-scaling:  224 0     1.000000000000
Adsorbate-atom-scaling:  225 0     1.000000000000
Adsorbate-atom-scaling:  226 0     1.000000000000
Adsorbate-atom-scaling:  227 0     1.000000000000
Adsorbate-atom-scaling:  228 0     1.000000000000
Adsorbate-atom-scaling:  229 0     1.000000000000
Adsorbate-atom-scaling:  230 0     1.000000000000
Adsorbate-atom-fixed:    0 0       0 0 0
Adsorbate-atom-fixed:    1 0       0 0 0
Adsorbate-atom-fixed:    2 0       0 0 0
Adsorbate-atom-fixed:    3 0       0 0 0
Adsorbate-atom-fixed:    4 0       0 0 0
Adsorbate-atom-fixed:    5 0       0 0 0
Adsorbate-atom-fixed:    6 0       0 0 0
Adsorbate-atom-fixed:    7 0       0 0 0
Adsorbate-atom-fixed:    8 0       0 0 0
Adsorbate-atom-fixed:    9 0       0 0 0
Adsorbate-atom-fixed:    10 0       0 0 0
Adsorbate-atom-fixed:    11 0       0 0 0
Adsorbate-atom-fixed:    12 0       0 0 0
Adsorbate-atom-fixed:    13 0       0 0 0
Adsorbate-atom-fixed:    14 0       0 0 0
Adsorbate-atom-fixed:    15 0       0 0 0
Adsorbate-atom-fixed:    16 0       0 0 0
Adsorbate-atom-fixed:    17 0       0 0 0
Adsorbate-atom-fixed:    18 0       0 0 0
Adsorbate-atom-fixed:    19 0       0 0 0
Adsorbate-atom-fixed:    20 0       0 0 0
Adsorbate-atom-fixed:    21 0       0 0 0
Adsorbate-atom-fixed:    22 0       0 0 0
Adsorbate-atom-fixed:    23 0       0 0 0
Adsorbate-atom-fixed:    24 0       0 0 0
Adsorbate-atom-fixed:    25 0       0 0 0
Adsorbate-atom-fixed:    26 0       0 0 0
Adsorbate-atom-fixed:    27 0       0 0 0
Adsorbate-atom-fixed:    28 0       0 0 0
Adsorbate-atom-fixed:    29 0       0 0 0
Adsorbate-atom-fixed:    30 0       0 0 0
Adsorbate-atom-fixed:    31 0       0 0 0
Adsorbate-atom-fixed:    32 0       0 0 0
Adsorbate-atom-fixed:    33 0       0 0 0
Adsorbate-atom-fixed:    34 0       0 0 0
Adsorbate-atom-fixed:    35 0       0 0 0
Adsorbate-atom-fixed:    36 0       0 0 0
Adsorbate-atom-fixed:    37 0       0 0 0
Adsorbate-atom-fixed:    38 0       0 0 0
Adsorbate-atom-fixed:    39 0       0 0 0
Adsorbate-atom-fixed:    40 0       0 0 0
Adsorbate-atom-fixed:    41 0       0 0 0
Adsorbate-atom-fixed:    42 0       0 0 0
Adsorbate-atom-fixed:    43 0       0 0 0
Adsorbate-atom-fixed:    44 0       0 0 0
Adsorbate-atom-fixed:    45 0       0 0 0
Adsorbate-atom-fixed:    46 0       0 0 0
Adsorbate-atom-fixed:    47 0       0 0 0
Adsorbate-atom-fixed:    48 0       0 0 0
Adsorbate-atom-fixed:    49 0       0 0 0
Adsorbate-atom-fixed:    50 0       0 0 0
Adsorbate-atom-fixed:    51 0       0 0 0
Adsorbate-atom-fixed:    52 0       0 0 0
Adsorbate-atom-fixed:    53 0       0 0 0
Adsorbate-atom-fixed:    54 0       0 0 0
Adsorbate-atom-fixed:    55 0       0 0 0
Adsorbate-atom-fixed:    56 0       0 0 0
Adsorbate-atom-fixed:    57 0       0 0 0
Adsorbate-atom-fixed:    58 0       0 0 0
Adsorbate-atom-fixed:    59 0       0 0 0
Adsorbate-atom-fixed:    60 0       0 0 0
Adsorbate-atom-fixed:    61 0       0 0 0
Adsorbate-atom-fixed:    62 0       0 0 0
Adsorbate-atom-fixed:    63 0       0 0 0
Adsorbate-atom-fixed:    64 0       0 0 0
Adsorbate-atom-fixed:    65 0       0 0 0
Adsorbate-atom-fixed:    66 0       0 0 0
Adsorbate-atom-fixed:    67 0       0 0 0
Adsorbate-atom-fixed:    68 0       0 0 0
Adsorbate-atom-fixed:    69 0       0 0 0
Adsorbate-atom-fixed:    70 0       0 0 0
Adsorbate-atom-fixed:    71 0       0 0 0
Adsorbate-atom-fixed:    72 0       0 0 0
Adsorbate-atom-fixed:    73 0       0 0 0
Adsorbate-atom-fixed:    74 0       0 0 0
Adsorbate-atom-fixed:    75 0       0 0 0
Adsorbate-atom-fixed:    76 0       0 0 0
Adsorbate-atom-fixed:    77 0       0 0 0
Adsorbate-atom-fixed:    78 0       0 0 0
Adsorbate-atom-fixed:    79 0       0 0 0
Adsorbate-atom-fixed:    80 0       0 0 0
Adsorbate-atom-fixed:    81 0       0 0 0
Adsorbate-atom-fixed:    82 0       0 0 0
Adsorbate-atom-fixed:    83 0       0 0 0
Adsorbate-atom-fixed:    84 0       0 0 0
Adsorbate-atom-fixed:    85 0       0 0 0
Adsorbate-atom-fixed:    86 0       0 0 0
Adsorbate-atom-fixed:    87 0       0 0 0
Adsorbate-atom-fixed:    88 0       0 0 0
Adsorbate-atom-fixed:    89 0       0 0 0
Adsorbate-atom-fixed:    90 0       0 0 0
Adsorbate-atom-fixed:    91 0       0 0 0
Adsorbate-atom-fixed:    92 0       0 0 0
Adsorbate-atom-fixed:    93 0       0 0 0
Adsorbate-atom-fixed:    94 0       0 0 0
Adsorbate-atom-fixed:    95 0       0 0 0
Adsorbate-atom-fixed:    96 0       0 0 0
Adsorbate-atom-fixed:    97 0       0 0 0
Adsorbate-atom-fixed:    98 0       0 0 0
Adsorbate-atom-fixed:    99 0       0 0 0
Adsorbate-atom-fixed:    100 0       0 0 0
Adsorbate-atom-fixed:    101 0       0 0 0
Adsorbate-atom-fixed:    102 0       0 0 0
Adsorbate-atom-fixed:    103 0       0 0 0
Adsorbate-atom-fixed:    104 0       0 0 0
Adsorbate-atom-fixed:    105 0       0 0 0
Adsorbate-atom-fixed:    106 0       0 0 0
Adsorbate-atom-fixed:    107 0       0 0 0
Adsorbate-atom-fixed:    108 0       0 0 0
Adsorbate-atom-fixed:    109 0       0 0 0
Adsorbate-atom-fixed:    110 0       0 0 0
Adsorbate-atom-fixed:    111 0       0 0 0
Adsorbate-atom-fixed:    112 0       0 0 0
Adsorbate-atom-fixed:    113 0       0 0 0
Adsorbate-atom-fixed:    114 0       0 0 0
Adsorbate-atom-fixed:    115 0       0 0 0
Adsorbate-atom-fixed:    116 0       0 0 0
Adsorbate-atom-fixed:    117 0       0 0 0
Adsorbate-atom-fixed:    118 0       0 0 0
Adsorbate-atom-fixed:    119 0       0 0 0
Adsorbate-atom-fixed:    120 0       0 0 0
Adsorbate-atom-fixed:    121 0       0 0 0
Adsorbate-atom-fixed:    122 0       0 0 0
Adsorbate-atom-fixed:    123 0       0 0 0
Adsorbate-atom-fixed:    124 0       0 0 0
Adsorbate-atom-fixed:    125 0       0 0 0
Adsorbate-atom-fixed:    126 0       0 0 0
Adsorbate-atom-fixed:    127 0       0 0 0
Adsorbate-atom-fixed:    128 0       0 0 0
Adsorbate-atom-fixed:    129 0       0 0 0
Adsorbate-atom-fixed:    130 0       0 0 0
Adsorbate-atom-fixed:    131 0       0 0 0
Adsorbate-atom-fixed:    132 0       0 0 0
Adsorbate-atom-fixed:    133 0       0 0 0
Adsorbate-atom-fixed:    134 0       0 0 0
Adsorbate-atom-fixed:    135 0       0 0 0
Adsorbate-atom-fixed:    136 0       0 0 0
Adsorbate-atom-fixed:    137 0       0 0 0
Adsorbate-atom-fixed:    138 0       0 0 0
Adsorbate-atom-fixed:    139 0       0 0 0
Adsorbate-atom-fixed:    140 0       0 0 0
Adsorbate-atom-fixed:    141 0       0 0 0
Adsorbate-atom-fixed:    142 0       0 0 0
Adsorbate-atom-fixed:    143 0       0 0 0
Adsorbate-atom-fixed:    144 0       0 0 0
Adsorbate-atom-fixed:    145 0       0 0 0
Adsorbate-atom-fixed:    146 0       0 0 0
Adsorbate-atom-fixed:    147 0       0 0 0
Adsorbate-atom-fixed:    148 0       0 0 0
Adsorbate-atom-fixed:    149 0       0 0 0
Adsorbate-atom-fixed:    150 0       0 0 0
Adsorbate-atom-fixed:    151 0       0 0 0
Adsorbate-atom-fixed:    152 0       0 0 0
Adsorbate-atom-fixed:    153 0       0 0 0
Adsorbate-atom-fixed:    154 0       0 0 0
Adsorbate-atom-fixed:    155 0       0 0 0
Adsorbate-atom-fixed:    156 0       0 0 0
Adsorbate-atom-fixed:    157 0       0 0 0
Adsorbate-atom-fixed:    158 0       0 0 0
Adsorbate-atom-fixed:    159 0       0 0 0
Adsorbate-atom-fixed:    160 0       0 0 0
Adsorbate-atom-fixed:    161 0       0 0 0
Adsorbate-atom-fixed:    162 0       0 0 0
Adsorbate-atom-fixed:    163 0       0 0 0
Adsorbate-atom-fixed:    164 0       0 0 0
Adsorbate-atom-fixed:    165 0       0 0 0
Adsorbate-atom-fixed:    166 0       0 0 0
Adsorbate-atom-fixed:    167 0       0 0 0
Adsorbate-atom-fixed:    168 0       0 0 0
Adsorbate-atom-fixed:    169 0       0 0 0
Adsorbate-atom-fixed:    170 0       0 0 0
Adsorbate-atom-fixed:    171 0       0 0 0
Adsorbate-atom-fixed:    172 0       0 0 0
Adsorbate-atom-fixed:    173 0       0 0 0
Adsorbate-atom-fixed:    174 0       0 0 0
Adsorbate-atom-fixed:    175 0       0 0 0
Adsorbate-atom-fixed:    176 0       0 0 0
Adsorbate-atom-fixed:    177 0       0 0 0
Adsorbate-atom-fixed:    178 0       0 0 0
Adsorbate-atom-fixed:    179 0       0 0 0
Adsorbate-atom-fixed:    180 0       0 0 0
Adsorbate-atom-fixed:    181 0       0 0 0
Adsorbate-atom-fixed:    182 0       0 0 0
Adsorbate-atom-fixed:    183 0       0 0 0
Adsorbate-atom-fixed:    184 0       0 0 0
Adsorbate-atom-fixed:    185 0       0 0 0
Adsorbate-atom-fixed:    186 0       0 0 0
Adsorbate-atom-fixed:    187 0       0 0 0
Adsorbate-atom-fixed:    188 0       0 0 0
Adsorbate-atom-fixed:    189 0       0 0 0
Adsorbate-atom-fixed:    190 0       0 0 0
Adsorbate-atom-fixed:    191 0       0 0 0
Adsorbate-atom-fixed:    192 0       0 0 0
Adsorbate-atom-fixed:    193 0       0 0 0
Adsorbate-atom-fixed:    194 0       0 0 0
Adsorbate-atom-fixed:    195 0       0 0 0
Adsorbate-atom-fixed:    196 0       0 0 0
Adsorbate-atom-fixed:    197 0       0 0 0
Adsorbate-atom-fixed:    198 0       0 0 0
Adsorbate-atom-fixed:    199 0       0 0 0
Adsorbate-atom-fixed:    200 0       0 0 0
Adsorbate-atom-fixed:    201 0       0 0 0
Adsorbate-atom-fixed:    202 0       0 0 0
Adsorbate-atom-fixed:    203 0       0 0 0
Adsorbate-atom-fixed:    204 0       0 0 0
Adsorbate-atom-fixed:    205 0       0 0 0
Adsorbate-atom-fixed:    206 0       0 0 0
Adsorbate-atom-fixed:    207 0       0 0 0
Adsorbate-atom-fixed:    208 0       0 0 0
Adsorbate-atom-fixed:    209 0       0 0 0
Adsorbate-atom-fixed:    210 0       0 0 0
Adsorbate-atom-fixed:    211 0       0 0 0
Adsorbate-atom-fixed:    212 0       0 0 0
Adsorbate-atom-fixed:    213 0       0 0 0
Adsorbate-atom-fixed:    214 0       0 0 0
Adsorbate-atom-fixed:    215 0       0 0 0
Adsorbate-atom-fixed:    216 0       0 0 0
Adsorbate-atom-fixed:    217 0       0 0 0
Adsorbate-atom-fixed:    218 0       0 0 0
Adsorbate-atom-fixed:    219 0       0 0 0
Adsorbate-atom-fixed:    220 0       0 0 0
Adsorbate-atom-fixed:    221 0       0 0 0
Adsorbate-atom-fixed:    222 0       0 0 0
Adsorbate-atom-fixed:    223 0       0 0 0
Adsorbate-atom-fixed:    224 0       0 0 0
Adsorbate-atom-fixed:    225 0       0 0 0
Adsorbate-atom-fixed:    226 0       0 0 0
Adsorbate-atom-fixed:    227 0       0 0 0
Adsorbate-atom-fixed:    228 0       0 0 0
Adsorbate-atom-fixed:    229 0       0 0 0
Adsorbate-atom-fixed:    230 0       0 0 0


