Cell info:
========================================================================
number-of-unit-cells: 2 2 2
unit-cell-vector-a:    26.343000000000     0.000000000000     0.000000000000
unit-cell-vector-b:     0.000000000000    26.343000000000     0.000000000000
unit-cell-vector-c:     0.000000000000     0.000000000000    26.343000000000

cell-vector-a:    52.686000000000     0.000000000000     0.000000000000
cell-vector-b:     0.000000000000    52.686000000000     0.000000000000
cell-vector-c:     0.000000000000     0.000000000000    52.686000000000

cell-lengths:    26.343000000000    26.343000000000    26.343000000000
cell-angles:    90.000000000000    90.000000000000    90.000000000000


Maximum changes for MC-moves:
========================================================================
Maximum-volume-change: 0.000500
Maximum-Gibbs-volume-change: 0.000500
Maximum-box-shape-change: 0.100000 0.100000 0.100000, 0.100000 0.100000 0.100000, 0.100000 0.100000 0.100000


Acceptance targets for MC-moves:
========================================================================
Target-volume-change: 0.500000
Target-box-shape-change: 0.500000
Target-Gibbs-volume-change: 0.500000


Components: 1 (Adsorbates 200, Cations 0)
========================================================================
Component 0 (argon)
	Fractional-molecule-id component 0: -1
	Lambda-factors component 0:  0.000000
	Number-of-biasing-factors component 0: 21
	Biasing-factors component 0:  0.000000 0.000000 0.000000 0.000000 0.000000 0.000000 0.000000 0.000000 0.000000 0.000000 0.000000 0.000000 0.000000 0.000000 0.000000 0.000000 0.000000 0.000000 0.000000 0.000000 0.000000
	Maximum-CF-Lambda-change component 0: 0.500000
	Maximum-CBCF-Lambda-change component 0: 0.500000

	Maximum-translation-change component 0: 0.343548,0.345423,0.345348
	Maximum-translation-in-plane-change component 0: 0.000000,0.000000,0.000000
	Maximum-rotation-change component 0: 0.017453 0.017453 0.017453

Reactions: 0

Component: 0     Adsorbate    200 molecules of argon
------------------------------------------------------------------------
Adsorbate-atom-position: 0 0     6.736347516152     6.216077426125    45.413754630517
Adsorbate-atom-position: 1 0     4.648859830717    47.910257959972    22.098347196850
Adsorbate-atom-position: 2 0    20.039168167985    19.554556463248    20.061321216476
Adsorbate-atom-position: 3 0     4.630101259674    43.793672136897    44.327633168537
Adsorbate-atom-position: 4 0     4.579616298032    44.194212027229     8.363738159383
Adsorbate-atom-position: 5 0    30.282906514158    48.366535642313    48.846693670929
Adsorbate-atom-position: 6 0     4.356362093553    30.400669039861    30.650583562267
Adsorbate-atom-position: 7 0    43.394649065982     3.546284358583    17.237440534050
Adsorbate-atom-position: 8 0    35.137152178542    30.673646909324    17.828408392051
Adsorbate-atom-position: 9 0    17.604200718497     4.298727678033     8.739606285568
Adsorbate-atom-position: 10 0     6.948365854512    46.154138270951    19.921940880554
Adsorbate-atom-position: 11 0    46.143002418916    20.755680465672    45.752500649687
Adsorbate-atom-position: 12 0    44.046694258923    31.046022864869     8.981593551221
Adsorbate-atom-position: 13 0    32.724806447162     6.247606475215    33.022138847320
Adsorbate-atom-position: 14 0    17.386107808208    17.597745005526    47.947244495500
Adsorbate-atom-position: 15 0    26.187842214577    43.031003657209     1.806693492433
Adsorbate-atom-position: 16 0    20.224949179948    19.137736989004    45.783337811875
Adsorbate-atom-position: 17 0     6.109379506810    19.477329041322    33.541714280396
Adsorbate-atom-position: 18 0    19.833635645427    33.194159124910    33.934815482667
Adsorbate-atom-position: 19 0    50.137034325264    38.116800021186    51.448235621338
Adsorbate-atom-position: 20 0    45.658044471192    19.597040843110    32.111939158318
Adsorbate-atom-position: 21 0    19.230460241241     5.660724910396    33.355251115810
Adsorbate-atom-position: 22 0    46.534287059430    18.832031103644    19.430631346047
Adsorbate-atom-position: 23 0    43.879791831451    48.381899643751    43.616407423703
Adsorbate-atom-position: 24 0    45.481639196470     7.361859862337    32.112931718335
Adsorbate-atom-position: 25 0    46.684684866832    19.449615223118     7.421221382848
Adsorbate-atom-position: 26 0    17.418502222994    35.325779105109    30.477137914059
Adsorbate-atom-position: 27 0    20.236902476425     5.994267672825    46.682564845497
Adsorbate-atom-position: 28 0    15.641043933125    16.448100723136    39.123597359180
Adsorbate-atom-position: 29 0     4.742928366386    21.525937768580    30.888731022058
Adsorbate-atom-position: 30 0     8.799414005652    47.924397720405     8.662219776974
Adsorbate-atom-position: 31 0    17.870595448646    44.127786377880     4.427228395930
Adsorbate-atom-position: 32 0    22.297250659951     8.922658700170    43.890451986709
Adsorbate-atom-position: 33 0    35.096183853284    17.563016820452     4.079483604494
Adsorbate-atom-position: 34 0     4.077216101291    48.619527569794    48.413042977589
Adsorbate-atom-position: 35 0     6.040827091975    19.748054091335     7.068283377220
Adsorbate-atom-position: 36 0    46.050420359499     6.460117671461    46.476917680188
Adsorbate-atom-position: 37 0    45.406306407675     5.775681454937     7.269521213931
Adsorbate-atom-position: 38 0    30.755574982417    48.108352136291    30.595526750261
Adsorbate-atom-position: 39 0    44.373518687649    44.546182637490    47.967801360443
Adsorbate-atom-position: 40 0    18.066245825191    21.766907491671    44.357357316758
Adsorbate-atom-position: 41 0     7.877615154873     5.483616220755    33.823348522502
Adsorbate-atom-position: 42 0    44.332597866157    44.391183749777    31.011579152892
Adsorbate-atom-position: 43 0    32.627529731046    45.622826312267    46.466725919819
Adsorbate-atom-position: 44 0     6.052862848648    46.613917984505    46.262009662281
Adsorbate-atom-position: 45 0     4.697238757602    44.400848653307    17.973706878027
Adsorbate-atom-position: 46 0    46.590130771855    32.926538134551    33.399004593571
Adsorbate-atom-position: 47 0     4.565342975023    21.441166252362    47.887672335104
Adsorbate-atom-position: 48 0    17.739937598885    48.468157373935     8.647951528978
Adsorbate-atom-position: 49 0    43.494686435738    22.216638496815    17.715818435931
Adsorbate-atom-position: 50 0     8.452607656071    17.692515177171    48.137777608914
Adsorbate-atom-position: 51 0     4.179654856962    35.028043873736    43.808253486664
Adsorbate-atom-position: 52 0    44.150216071466    47.852159857641    34.522754431397
Adsorbate-atom-position: 53 0    34.728350068828     8.487702107280    21.625863157952
Adsorbate-atom-position: 54 0    35.290232889402    17.605408652812    21.777765391843
Adsorbate-atom-position: 55 0     6.938369003345     7.347533923799     6.155908568729
Adsorbate-atom-position: 56 0    19.359888436318    46.359944526540    19.111731785181
Adsorbate-atom-position: 57 0    21.564076339078    17.356062505173    17.807062992352
Adsorbate-atom-position: 58 0    20.115267922802    19.399656032452    32.428285972056
Adsorbate-atom-position: 59 0    43.820811106864    43.855964885555    21.849621275457
Adsorbate-atom-position: 60 0    48.165253951297    43.694247730121    17.610882635642
Adsorbate-atom-position: 61 0     4.805109854120    21.549741875028    21.593279726210
Adsorbate-atom-position: 62 0    45.950782952622    32.318840793469    19.697401540773
Adsorbate-atom-position: 63 0    30.687361383974    22.232092759437    48.206757988593
Adsorbate-atom-position: 64 0    20.406478197362     5.750063293910     6.195284553876
Adsorbate-atom-position: 65 0    31.066323238876    35.400032212043    17.771477898739
Adsorbate-atom-position: 66 0    17.822344066214    35.073982029041     4.491515051020
Adsorbate-atom-position: 67 0    33.489569186355     6.007612499275    19.017392200542
Adsorbate-atom-position: 68 0    19.869506115885    46.502544704453    45.632052753374
Adsorbate-atom-position: 69 0    19.210085828517    32.205690027300    44.969999894705
Adsorbate-atom-position: 70 0    32.960525311417    32.347487735860     6.741027412261
Adsorbate-atom-position: 71 0    32.901461375532    20.169616469906     6.984907349298
Adsorbate-atom-position: 72 0     8.066094184115     4.852892581674    18.012264022366
Adsorbate-atom-position: 73 0     6.589789055293    33.362067719759     7.246829867399
Adsorbate-atom-position: 74 0     7.594847926507    34.016201728333    31.757582417037
Adsorbate-atom-position: 75 0    46.817810386607    33.443458884234    45.611307176541
Adsorbate-atom-position: 76 0    43.882196615773    30.907498944850    35.169857608194
Adsorbate-atom-position: 77 0    43.988545082909    17.923862896081    47.880827590408
Adsorbate-atom-position: 78 0    31.004328961248     4.196779769189    48.431823294290
Adsorbate-atom-position: 79 0    17.289749982549    30.728819112976    35.147572215786
Adsorbate-atom-position: 80 0    17.269356198024    17.515077568430    21.887317976735
Adsorbate-atom-position: 81 0    43.365515699784    48.421532851701    17.775152920378
Adsorbate-atom-position: 82 0     8.872779331460    34.751087877054     4.706931768592
Adsorbate-atom-position: 83 0    18.037727343469    35.328080304377    47.804791968443
Adsorbate-atom-position: 84 0    46.145319173470     5.769541025073    19.474101988831
Adsorbate-atom-position: 85 0    21.789301999945    35.445670681560    17.538447554294
Adsorbate-atom-position: 86 0    21.560197097574    21.520003066283     4.734242106919
Adsorbate-atom-position: 87 0    35.714101761936     3.565873957682    17.362058092406
Adsorbate-atom-position: 88 0     4.386932994840     4.305334885771    22.101785477890
Adsorbate-atom-position: 89 0    36.021875372971     8.988500729132    30.256169489011
Adsorbate-atom-position: 90 0    20.321908250791    46.837295572730     6.009438488981
Adsorbate-atom-position: 91 0     6.227330901317    32.754185382533    20.079438580124
Adsorbate-atom-position: 92 0    29.953170796422    48.513710563602    21.930458437561
Adsorbate-atom-position: 93 0    33.238471501528     6.956013599338     6.763488869291
Adsorbate-atom-position: 94 0    30.893446413882     4.219405478946     4.484848199333
Adsorbate-atom-position: 95 0    30.643345153673    22.429937958126     4.421544949663
Adsorbate-atom-position: 96 0    35.115828421481    43.587131228430    48.067361950245
Adsorbate-atom-position: 97 0     4.260141663961    35.193917360566    17.541439035847
Adsorbate-atom-position: 98 0    48.227198598153    30.630530055879    22.018782126467
Adsorbate-atom-position: 99 0    43.722492881045     8.810680699858     3.869671596164
Adsorbate-atom-position: 100 0     3.925253664973    48.594498114623    30.401163308587
Adsorbate-atom-position: 101 0    35.340871422060    22.058732224995     9.328737141087
Adsorbate-atom-position: 102 0     6.406383026309    19.033719886853    45.846646283389
Adsorbate-atom-position: 103 0    21.219243914838    13.105388566174    50.762507723786
Adsorbate-atom-position: 104 0    48.083882957802     8.293782749678    44.402724107497
Adsorbate-atom-position: 105 0    35.504136500323     4.195724831525    35.324689446783
Adsorbate-atom-position: 106 0    34.490392870202    44.482760860759    31.442781550974
Adsorbate-atom-position: 107 0    19.302092637990    33.322152673682    20.129558219971
Adsorbate-atom-position: 108 0    30.661858531175    43.500505337046     9.304103147705
Adsorbate-atom-position: 109 0     8.913182331973    35.342280770291    21.930254184762
Adsorbate-atom-position: 110 0     6.689124660399    32.769609429890    46.744905190007
Adsorbate-atom-position: 111 0     4.741203740764     8.613399353001     8.634135369240
Adsorbate-atom-position: 112 0    19.628634625062    46.227607311792    31.970035763573
Adsorbate-atom-position: 113 0    47.807350247893    44.365627532615    34.768152494518
Adsorbate-atom-position: 114 0    31.010569956004    17.807230565900    43.835750515169
Adsorbate-atom-position: 115 0    17.208428383016    35.215653430601    21.990305048285
Adsorbate-atom-position: 116 0    48.057286389765     4.379102822866    22.069408878694
Adsorbate-atom-position: 117 0    33.588573811184    32.028202023752    45.382694889597
Adsorbate-atom-position: 118 0    46.655370261378    46.608271075725    20.279174715400
Adsorbate-atom-position: 119 0     8.573505212764    31.168175222912    18.019899243880
Adsorbate-atom-position: 120 0    31.011383306024     4.339008834463    21.863189861461
Adsorbate-atom-position: 121 0    32.794831753042    32.798352986005    19.397657084578
Adsorbate-atom-position: 122 0    19.695817123574    32.444665433995     6.849207585354
Adsorbate-atom-position: 123 0    36.084496219452    48.936325102973    35.387002047915
Adsorbate-atom-position: 124 0    32.311384270342    19.709397516593    33.200177124845
Adsorbate-atom-position: 125 0    47.207621711592    45.826488847350    45.904402867534
Adsorbate-atom-position: 126 0    32.323050254929     6.485592046457    45.357029623950
Adsorbate-atom-position: 127 0    16.972659800500    43.740215256788    48.431819743267
Adsorbate-atom-position: 128 0    48.217147902453    17.267964703089    34.898980054158
Adsorbate-atom-position: 129 0     8.809345383838     4.004469348929    43.647390821865
Adsorbate-atom-position: 130 0    30.440330197029    43.751297447790    43.879258406712
Adsorbate-atom-position: 131 0     9.768696459199     9.657631817384     3.657083326351
Adsorbate-atom-position: 132 0    32.823054617609    32.924143892364    32.389492214039
Adsorbate-atom-position: 133 0     4.283652829150     3.726654199174     4.198478910379
Adsorbate-atom-position: 134 0    30.914373433222    48.461795587552     4.368851380400
Adsorbate-atom-position: 135 0    43.427960657536    21.997982484044     8.752651569124
Adsorbate-atom-position: 136 0    30.512194772178    35.089041494418    44.011514771222
Adsorbate-atom-position: 137 0    48.003779704573    47.945838962503     4.718124309857
Adsorbate-atom-position: 138 0     7.303113561375    20.111325095109    19.994093353147
Adsorbate-atom-position: 139 0    19.947830481527     6.643835106600    20.394103286715
Adsorbate-atom-position: 140 0     5.387468372350    34.233650939142    34.241875629604
Adsorbate-atom-position: 141 0    48.026483238343    31.114992605021     4.528515148419
Adsorbate-atom-position: 142 0    33.378621893538    46.844437968631    33.770028316615
Adsorbate-atom-position: 143 0     8.400457114837     8.648648833570    48.059855169402
Adsorbate-atom-position: 144 0    21.858166986817    47.872367637461    21.903983871117
Adsorbate-atom-position: 145 0    19.687426370555    19.868713435184     7.104503611160
Adsorbate-atom-position: 146 0    32.219783579351    46.445117983669    19.957277910775
Adsorbate-atom-position: 147 0    43.971881921097    34.876262406055    47.935324629055
Adsorbate-atom-position: 148 0    21.225587707236    21.421675983581    47.776827322838
Adsorbate-atom-position: 149 0    32.649782337022    19.682446249798    46.617244072236
Adsorbate-atom-position: 150 0    47.824544365238     8.362234945764    34.743571640559
Adsorbate-atom-position: 151 0    30.991181971403     8.512746778233    35.588093377215
Adsorbate-atom-position: 152 0    46.931751391803    33.834662489757     7.292982773393
Adsorbate-atom-position: 153 0     8.783354464339    43.728162307990    22.150953777233
Adsorbate-atom-position: 154 0    47.925957754683    21.616880406553    21.851004566581
Adsorbate-atom-position: 155 0    17.676656764593     8.683565219060    48.487495054305
Adsorbate-atom-position: 156 0    17.434622616492     4.480248160502    17.620359731982
Adsorbate-atom-position: 157 0     9.533748388890    43.593855290746     3.950964640359
Adsorbate-atom-position: 158 0    34.907694154844    44.274698727591    21.512903942915
Adsorbate-atom-position: 159 0    32.386415961091    45.971825403705     7.005707717895
Adsorbate-atom-position: 160 0    22.147464411838    43.441784546788    17.694606839615
Adsorbate-atom-position: 161 0    31.037015680731    21.672406956503    21.515159064887
Adsorbate-atom-position: 162 0    48.368962146236    48.051083142473    48.345561091545
Adsorbate-atom-position: 163 0    30.840240711205    30.628580743626    22.068696848610
Adsorbate-atom-position: 164 0    46.901920556829    46.787292324250    31.906572919412
Adsorbate-atom-position: 165 0    36.243559814163    48.997295606256    16.880803942639
Adsorbate-atom-position: 166 0     6.247774826391    45.906667856961    33.368094863792
Adsorbate-atom-position: 167 0    30.643388413490    43.771635090684    17.748488315437
Adsorbate-atom-position: 168 0    21.425868467823    31.137847695217    47.738468988217
Adsorbate-atom-position: 169 0     4.479030316999    21.719336583577     4.547282714901
Adsorbate-atom-position: 170 0    17.627991811779     4.539273332338    44.298810732794
Adsorbate-atom-position: 171 0    34.860529954183    21.555264218101    44.178695597115
Adsorbate-atom-position: 172 0     7.331057247280    45.220743312491     6.206082856678
Adsorbate-atom-position: 173 0    17.434036339197    21.818213665761    17.705744156574
Adsorbate-atom-position: 174 0     6.013357046506     7.513198739634    19.600007042034
Adsorbate-atom-position: 175 0    35.128433218399     4.297464363826     8.739482967281
Adsorbate-atom-position: 176 0     4.265031544716    16.891870976565    16.956570712105
Adsorbate-atom-position: 177 0     4.359168140889    35.324973249612     9.375149555809
Adsorbate-atom-position: 178 0    45.776775437561    45.903494744725     6.513329139587
Adsorbate-atom-position: 179 0    47.996581250281    22.018103092607     4.683414191507
Adsorbate-atom-position: 180 0    49.144610599945     9.195726958757     8.803821146713
Adsorbate-atom-position: 181 0     8.167054908926    44.194938774117    47.890944083827
Adsorbate-atom-position: 182 0    30.825537087445     4.318111940839    30.667981280366
Adsorbate-atom-position: 183 0     8.837752486143    22.113870827366     8.632391384069
Adsorbate-atom-position: 184 0    21.820302290199    30.932016345330    31.105924779505
Adsorbate-atom-position: 185 0     5.044383315700     8.321944855067    34.787703716499
Adsorbate-atom-position: 186 0    21.991697277920    35.223593631364     8.929946155939
Adsorbate-atom-position: 187 0    43.828431735949    30.674253897572    17.545767587633
Adsorbate-atom-position: 188 0     8.765414134162    17.251950805355    30.759308175525
Adsorbate-atom-position: 189 0     8.941562041764    48.554072361362    35.917406409985
Adsorbate-atom-position: 190 0    18.108341080180    21.592490167346    34.906102248253
Adsorbate-atom-position: 191 0    48.257535881919    17.099559329377    44.182601457639
Adsorbate-atom-position: 192 0    22.481478307095    39.513842256644     0.101242291958
Adsorbate-atom-position: 193 0     3.946842895098     3.799833200592    30.693192673486
Adsorbate-atom-position: 194 0    35.347732571832    22.351354107454    16.943457957242
Adsorbate-atom-position: 195 0    24.951098483442    40.113225929377    20.850126474358
Adsorbate-atom-position: 196 0    30.790723426359    30.661295953689    48.429305421798
Adsorbate-atom-position: 197 0    39.510882246292    20.246395620961    25.985110306722
Adsorbate-atom-position: 198 0    48.785140403375    35.016742871792    35.097309894149
Adsorbate-atom-position: 199 0     0.074257341006    22.592361813421    10.724680281691
Adsorbate-atom-velocity: 0 0     1.320956878241    -1.897559339848     1.197600493474
Adsorbate-atom-velocity: 1 0     1.767341246443    -1.681667307663     0.541398165111
Adsorbate-atom-velocity: 2 0     1.489767551789    -1.356200855524     0.762638126799
Adsorbate-atom-velocity: 3 0     0.029289223223    -0.285320353677    -1.606676040335
Adsorbate-atom-velocity: 4 0    -1.050750759148    -1.433857253266    -0.018127296091
Adsorbate-atom-velocity: 5 0     0.177741922147    -2.698936176941    -3.973358939995
Adsorbate-atom-velocity: 6 0     0.222724061362     0.740148999705     1.368149564317
Adsorbate-atom-velocity: 7 0    -0.997363504141    -0.211498738331    -0.189713842960
Adsorbate-atom-velocity: 8 0    -1.090024569337     0.751014639694     0.896715769203
Adsorbate-atom-velocity: 9 0     1.095491000116    -2.718413893898     0.941021632413
Adsorbate-atom-velocity: 10 0    -1.602566544554     0.181761579922    -0.459075273694
Adsorbate-atom-velocity: 11 0    -0.687826354633     0.697646151967     0.034581983312
Adsorbate-atom-velocity: 12 0     0.463135460572    -4.302221175270    -2.275512098854
Adsorbate-atom-velocity: 13 0     0.759499431693    -0.019485806752     0.437485660308
Adsorbate-atom-velocity: 14 0    -0.548088483891     0.390210125308     1.454287817138
Adsorbate-atom-velocity: 15 0    -1.002892027307    -1.610720767479     0.569719474842
Adsorbate-atom-velocity: 16 0    -0.774268027137    -0.205281269124    -0.280760851260
Adsorbate-atom-velocity: 17 0     0.603041870612    -1.512255512255     1.426852295875
Adsorbate-atom-velocity: 18 0    -1.436674124972     0.597027989446    -0.153997544135
Adsorbate-atom-velocity: 19 0     1.285659660908    -1.212758263502     0.816111816021
Adsorbate-atom-velocity: 20 0     0.045351629931     0.300319221594    -1.799120719620
Adsorbate-atom-velocity: 21 0     0.397931948823     0.240199780015     1.275158302818
Adsorbate-atom-velocity: 22 0    -0.185914044023    -0.227250800535    -1.559787415187
Adsorbate-atom-velocity: 23 0    -0.359882916357     0.900057171179    -1.562401600117
Adsorbate-atom-velocity: 24 0    -2.079909808434     0.044311653241     0.569598384046
Adsorbate-atom-velocity: 25 0    -2.725174708805    -0.036990776566     0.280131532184
Adsorbate-atom-velocity: 26 0    -0.479517212399     1.803993661255    -0.746643091576
Adsorbate-atom-velocity: 27 0    -2.661111826626     0.007550445723     0.916913303898
Adsorbate-atom-velocity: 28 0     0.679468009295     0.257224239002     1.361697432190
Adsorbate-atom-velocity: 29 0     0.018181445220     1.349556620969    -2.613525372914
Adsorbate-atom-velocity: 30 0     0.314591572328     0.723056565036    -0.569897095654
Adsorbate-atom-velocity: 31 0     0.411833706566    -0.091390854674    -0.017460263522
Adsorbate-atom-velocity: 32 0    -1.133053137213    -0.847960688130    -2.453931143101
Adsorbate-atom-velocity: 33 0    -0.548990584959     1.139038971316     1.343364180521
Adsorbate-atom-velocity: 34 0     0.858712195819     0.315080080905     0.616577232607
Adsorbate-atom-velocity: 35 0    -0.117867659193    -1.399771490001    -0.186502116742
Adsorbate-atom-velocity: 36 0     0.854389133037     1.161834456257     0.273163011776
Adsorbate-atom-velocity: 37 0     0.261415564384    -1.232332694178    -1.183184936506
Adsorbate-atom-velocity: 38 0    -1.149819970757    -0.811412730311    -1.358180140251
Adsorbate-atom-velocity: 39 0     1.627632177249    -0.514598327715    -1.275382141261
Adsorbate-atom-velocity: 40 0     1.847015196783    -0.419475138197     0.411745783166
Adsorbate-atom-velocity: 41 0    -2.924468091903    -1.955225702235     1.068474691445
Adsorbate-atom-velocity: 42 0     1.830100914479    -0.861203656733     0.712789162303
Adsorbate-atom-velocity: 43 0     0.929695044345    -1.200217594892     1.027949944071
Adsorbate-atom-velocity: 44 0     0.740469374741    -2.124466342181    -1.009128532884
Adsorbate-atom-velocity: 45 0    -1.595789833725    -0.727727482681    -0.491939955421
Adsorbate-atom-velocity: 46 0    -0.358790395256     1.070946001553    -0.121153782848
Adsorbate-atom-velocity: 47 0    -2.251186662738    -0.249807462793     1.056728849657
Adsorbate-atom-velocity: 48 0    -1.284229995196     0.511516533433     0.662551540040
Adsorbate-atom-velocity: 49 0     0.721389761534     0.078455959238    -0.019899142958
Adsorbate-atom-velocity: 50 0    -0.207074468233     1.747909454942    -0.972414120199
Adsorbate-atom-velocity: 51 0     0.801974905130    -0.146571550504    -0.554422780333
Adsorbate-atom-velocity: 52 0     2.397588513355    -1.007722848831     1.365599966946
Adsorbate-atom-velocity: 53 0    -2.749506477780    -0.706284956371    -1.513165297360
Adsorbate-atom-velocity: 54 0     0.881045471695    -1.733693203657     0.278980829194
Adsorbate-atom-velocity: 55 0    -0.287879094778     0.156242748288    -2.606710897262
Adsorbate-atom-velocity: 56 0    -0.527910776120     1.198984218126    -0.217868361152
Adsorbate-atom-velocity: 57 0     0.817463060739     2.103323032222     0.173920667143
Adsorbate-atom-velocity: 58 0     0.061451480474    -1.362428489990     1.391535266895
Adsorbate-atom-velocity: 59 0     0.299372234973    -0.700364276685    -1.516697495013
Adsorbate-atom-velocity: 60 0     0.064892994076     1.163445993008    -0.303480517978
Adsorbate-atom-velocity: 61 0     0.442719168132     1.853348607381    -0.557413834847
Adsorbate-atom-velocity: 62 0     1.842089441103     1.149952038870     0.202788875675
Adsorbate-atom-velocity: 63 0     0.004585997532    -0.235312154697     0.220232596602
Adsorbate-atom-velocity: 64 0    -1.180432040131    -1.695981294451    -1.973172756670
Adsorbate-atom-velocity: 65 0    -2.325716925720    -0.527942420149     0.395974041733
Adsorbate-atom-velocity: 66 0    -0.611058954648     1.845062152884     2.611098451637
Adsorbate-atom-velocity: 67 0     1.729447611632     1.281209861734    -1.970775855602
Adsorbate-atom-velocity: 68 0     0.700300741123    -0.190330883054     0.207747969708
Adsorbate-atom-velocity: 69 0     1.969195390915    -0.356576037686    -0.605314007614
Adsorbate-atom-velocity: 70 0    -3.369662218277    -0.283273180882     0.078742929354
Adsorbate-atom-velocity: 71 0    -0.088155706619    -0.757911365008     1.903282725109
Adsorbate-atom-velocity: 72 0     0.538713757749    -1.249409701078     0.598548016914
Adsorbate-atom-velocity: 73 0    -0.001436821807     0.719115546939     1.855367239111
Adsorbate-atom-velocity: 74 0     0.567507836525     2.016582568905    -0.848702661742
Adsorbate-atom-velocity: 75 0     2.090505095181     1.088700069264    -0.364351381624
Adsorbate-atom-velocity: 76 0     0.848109030898    -1.819030957886    -2.314736145665
Adsorbate-atom-velocity: 77 0    -0.001004272634     0.914518822128    -0.091501145019
Adsorbate-atom-velocity: 78 0    -1.307192943765    -1.215524270709     0.685632778333
Adsorbate-atom-velocity: 79 0    -0.419713890167    -0.382085089227    -0.241297899692
Adsorbate-atom-velocity: 80 0     0.779080665620    -0.277375097056    -0.330231293066
Adsorbate-atom-velocity: 81 0    -1.286457470191     0.903795050241     1.210631537296
Adsorbate-atom-velocity: 82 0     0.026008071051     0.253497678207     0.719582412208
Adsorbate-atom-velocity: 83 0    -2.668700954887     1.273214537754    -0.467021209726
Adsorbate-atom-velocity: 84 0     0.618914103969    -2.121877493214    -0.804643997681
Adsorbate-atom-velocity: 85 0    -1.028136009106    -2.041146662319    -1.463050749643
Adsorbate-atom-velocity: 86 0    -3.832499277830    -0.942206628736     0.846956821299
Adsorbate-atom-velocity: 87 0     1.366635127071     0.909675932743     2.868398152394
Adsorbate-atom-velocity: 88 0    -1.739402852230    -1.649007151071    -0.077242528604
Adsorbate-atom-velocity: 89 0     0.564486801814    -0.568226740595     1.986590053548
Adsorbate-atom-velocity: 90 0     1.534860176302    -1.631003536105     0.649706774883
Adsorbate-atom-velocity: 91 0    -1.483817533051    -1.809838864959    -0.861471043814
Adsorbate-atom-velocity: 92 0     1.441563223466    -0.730509349757    -1.962255525028
Adsorbate-atom-velocity: 93 0     1.696727275912     2.771633061480    -0.640313952135
Adsorbate-atom-velocity: 94 0     0.064394624810    -2.124778939487    -0.302273053269
Adsorbate-atom-velocity: 95 0     0.244285386372     0.903476964599     1.885312135562
Adsorbate-atom-velocity: 96 0    -1.449186214236    -1.053322423817     0.046378421632
Adsorbate-atom-velocity: 97 0    -1.561270760611     2.430629314513     1.100878817480
Adsorbate-atom-velocity: 98 0     1.975511832399     1.864159973539    -2.260000786225
Adsorbate-atom-velocity: 99 0     0.620144046053    -0.975045256455    -0.257346789085
Adsorbate-atom-velocity: 100 0     0.326838362253     2.603736206034     0.523450396102
Adsorbate-atom-velocity: 101 0     0.152212997636     0.274533774140    -0.162484861638
Adsorbate-atom-velocity: 102 0     1.875662825308    -0.394625829427     0.479246024947
Adsorbate-atom-velocity: 103 0    -1.501963235842     1.091365053067     0.702384311594
Adsorbate-atom-velocity: 104 0    -0.673874627492     1.567545198369    -0.800209882225
Adsorbate-atom-velocity: 105 0    -0.856155416666     0.049319674287     1.233523680461
Adsorbate-atom-velocity: 106 0     0.460199748402    -0.196249670295     0.291063294196
Adsorbate-atom-velocity: 107 0     0.761888128361    -1.495780292831    -0.057732583819
Adsorbate-atom-velocity: 108 0     1.121168093533    -0.204519873748     0.250826875500
Adsorbate-atom-velocity: 109 0    -2.013163716640     0.576159093680    -1.030919769921
Adsorbate-atom-velocity: 110 0     0.760610242332     2.181777477180    -0.050733233129
Adsorbate-atom-velocity: 111 0     2.810444321822    -1.023474728514    -0.359976682374
Adsorbate-atom-velocity: 112 0    -0.573643368495    -0.161359622364     0.777895177175
Adsorbate-atom-velocity: 113 0     3.281801187710    -0.111299351919    -0.516233608256
Adsorbate-atom-velocity: 114 0     1.218849691255     1.178637257280     0.576652006480
Adsorbate-atom-velocity: 115 0     2.758301777736    -1.254110977936     0.032577362761
Adsorbate-atom-velocity: 116 0     3.011253186180     0.063720252576     1.133401777439
Adsorbate-atom-velocity: 117 0     0.350983155529    -0.645980275728     0.309037638648
Adsorbate-atom-velocity: 118 0    -0.240848055668     2.604202028537    -0.485948662187
Adsorbate-atom-velocity: 119 0     1.477366120405    -2.089448844532    -0.892480598965
Adsorbate-atom-velocity: 120 0     2.154834912369     2.291625982339     1.837579346345
Adsorbate-atom-velocity: 121 0     1.417130884771    -1.387474469340     1.237042083184
Adsorbate-atom-velocity: 122 0     0.790603880602     1.210064330844    -0.730860189511
Adsorbate-atom-velocity: 123 0    -1.416180085695    -1.912083873159     0.230114080691
Adsorbate-atom-velocity: 124 0     0.167335397535    -1.338677873187    -3.027760204176
Adsorbate-atom-velocity: 125 0     0.797659605104    -0.183180433992    -0.084397678060
Adsorbate-atom-velocity: 126 0    -0.145801890249     1.203406148898    -0.494151659864
Adsorbate-atom-velocity: 127 0     0.753390038728    -0.646436085677    -0.931267465198
Adsorbate-atom-velocity: 128 0     1.003449011208    -1.663991381436     2.605159794031
Adsorbate-atom-velocity: 129 0    -0.773644813952    -0.191278715486    -1.751384890524
Adsorbate-atom-velocity: 130 0     0.790117655781     0.443924590395    -2.387595956560
Adsorbate-atom-velocity: 131 0     2.617869289357    -0.273198886272     1.029365903409
Adsorbate-atom-velocity: 132 0     1.203475204600     0.899828544280    -0.857296475062
Adsorbate-atom-velocity: 133 0     0.467050395846     0.493578703059     1.791160211959
Adsorbate-atom-velocity: 134 0    -1.295524633551    -0.493532184742    -0.927779579902
Adsorbate-atom-velocity: 135 0     0.769644029084     0.173007922370     0.689987580755
Adsorbate-atom-velocity: 136 0    -0.005216580492     0.212792759291     1.810670891825
Adsorbate-atom-velocity: 137 0    -0.466254568618    -1.833455588599    -0.349702718267
Adsorbate-atom-velocity: 138 0    -0.872112030059    -0.104599049231     2.344226291863
Adsorbate-atom-velocity: 139 0     1.976628138650     0.512915692874    -1.274904025169
Adsorbate-atom-velocity: 140 0    -1.281055325185    -3.582386503471     2.644587165402
Adsorbate-atom-velocity: 141 0     1.106120069622     0.853825333702     0.305060978098
Adsorbate-atom-velocity: 142 0     2.894162312070     0.890501952719    -2.726288537126
Adsorbate-atom-velocity: 143 0     0.072401417985     0.969632442890     0.331374729989
Adsorbate-atom-velocity: 144 0    -2.781652731774     0.733118540586     1.205444441183
Adsorbate-atom-velocity: 145 0    -1.741468794333    -0.136749311085    -0.879989686778
Adsorbate-atom-velocity: 146 0    -0.283823471108     0.660878823258    -0.177571728977
Adsorbate-atom-velocity: 147 0     1.379747772655     2.426082560249     0.306561039629
Adsorbate-atom-velocity: 148 0     1.224946180606    -0.663884884233     0.265126401178
Adsorbate-atom-velocity: 149 0    -0.766363476706     0.680081201301    -1.343121185320
Adsorbate-atom-velocity: 150 0    -0.575947831569     1.156680363814    -0.451045985832
Adsorbate-atom-velocity: 151 0    -1.249423383136     0.044753867910     1.211957907902
Adsorbate-atom-velocity: 152 0    -0.404968450362     1.261336504854     0.160323840749
Adsorbate-atom-velocity: 153 0     1.688774339398    -0.377523055675    -0.755307347667
Adsorbate-atom-velocity: 154 0    -0.050143583276     0.061268696183    -1.307921966329
Adsorbate-atom-velocity: 155 0     1.899799258154    -0.450289893271     2.173044424530
Adsorbate-atom-velocity: 156 0    -2.581930053410     0.582735708409     1.121438839907
Adsorbate-atom-velocity: 157 0     0.418761043266    -0.695254003949     0.322504380741
Adsorbate-atom-velocity: 158 0    -1.168325941780    -0.431424328084     0.862425247744
Adsorbate-atom-velocity: 159 0    -0.608065425815     1.457366880745    -0.229192575690
Adsorbate-atom-velocity: 160 0    -0.016222139640     3.776400383740    -0.749993759224
Adsorbate-atom-velocity: 161 0     0.430940173008    -0.229110521416     0.832581028398
Adsorbate-atom-velocity: 162 0     0.073669334038     0.144232185938     0.384007524866
Adsorbate-atom-velocity: 163 0    -0.006825442404     0.377905377212    -0.846230416339
Adsorbate-atom-velocity: 164 0     1.076684967833     0.472227861278     0.412616873675
Adsorbate-atom-velocity: 165 0     0.272728539175     2.480115230104     0.120628177144
Adsorbate-atom-velocity: 166 0     1.301411048329    -0.893766333475    -2.306811383725
Adsorbate-atom-velocity: 167 0     0.337779876268     0.256849234100    -1.042697753739
Adsorbate-atom-velocity: 168 0     0.706136539376     0.613240998578    -1.558940806628
Adsorbate-atom-velocity: 169 0    -1.597280486083     1.868078567089    -0.686752159823
Adsorbate-atom-velocity: 170 0    -1.061824311954     2.595038522119    -1.344872401423
Adsorbate-atom-velocity: 171 0     1.767490710591    -0.798322892139     0.023214920593
Adsorbate-atom-velocity: 172 0     1.694104618107    -0.081638400549    -1.830990369754
Adsorbate-atom-velocity: 173 0    -0.898181793090    -0.670067456339    -1.093808020877
Adsorbate-atom-velocity: 174 0     1.494788665695     0.398165888458     1.312281716935
Adsorbate-atom-velocity: 175 0     0.605624337672     1.318481710579    -0.984688049766
Adsorbate-atom-velocity: 176 0    -0.357548361859     1.428716054308    -0.258034963599
Adsorbate-atom-velocity: 177 0    -0.050752410300     2.119596426373     2.229881579798
Adsorbate-atom-velocity: 178 0    -1.261258274092     0.608344498293     0.074939306892
Adsorbate-atom-velocity: 179 0     2.215394481423    -0.302476113881    -0.384449322184
Adsorbate-atom-velocity: 180 0     1.588729182133     0.086839912039     1.702560086299
Adsorbate-atom-velocity: 181 0    -3.302316623991    -0.351079164342    -0.706188364520
Adsorbate-atom-velocity: 182 0    -1.386557648935    -2.328865428345     2.639804848683
Adsorbate-atom-velocity: 183 0     2.916215263446     1.127667172798     0.118759930819
Adsorbate-atom-velocity: 184 0    -0.713490850177     1.046285881863     1.385519605551
Adsorbate-atom-velocity: 185 0    -0.612858084731     0.372636924071     1.517178311673
Adsorbate-atom-velocity: 186 0    -1.514704702138    -2.933917806643     0.744984022569
Adsorbate-atom-velocity: 187 0     1.710551081773     1.546202265248    -0.717616581012
Adsorbate-atom-velocity: 188 0    -0.391857497264    -0.128588449870    -1.781166340942
Adsorbate-atom-velocity: 189 0    -2.849237378129     1.339190051144     0.597980870189
Adsorbate-atom-velocity: 190 0    -0.477754446336     1.507777683199    -1.290055034844
Adsorbate-atom-velocity: 191 0    -3.251231986202     0.550272750059     1.548911793641
Adsorbate-atom-velocity: 192 0    -0.277000193139    -1.377819900560    -1.509622130924
Adsorbate-atom-velocity: 193 0    -0.753384311668     0.006249540476    -0.892216463489
Adsorbate-atom-velocity: 194 0    -0.385369505695    -2.441096815933     2.424605016775
Adsorbate-atom-velocity: 195 0     1.020085242274    -0.439371407619     0.571702746077
Adsorbate-atom-velocity: 196 0    -1.238935267445     1.439317736498    -1.203570253658
Adsorbate-atom-velocity: 197 0     0.954214120758     0.628477890929     2.089574600488
Adsorbate-atom-velocity: 198 0    -0.396480472194    -0.201559503434    -0.863688313287
Adsorbate-atom-velocity: 199 0    -1.502061598486    -0.206956105471     1.828014841654
Adsorbate-atom-force:    0 0   -87.174060558531   326.417766085839   300.764266409467
Adsorbate-atom-force:    1 0  -158.587323502317   722.076104118226  -438.598033270394
Adsorbate-atom-force:    2 0  -284.969220350290   325.763905536147   183.815668184890
Adsorbate-atom-force:    3 0    56.583706286616   479.093430022302  -827.373288136940
Adsorbate-atom-force:    4 0   157.643854686309    41.215362760116   446.789360467219
Adsorbate-atom-force:    5 0   222.589313138437    73.720311522273  -262.527337186028
Adsorbate-atom-force:    6 0   -13.337417448684   273.245789142974    52.291993709849
Adsorbate-atom-force:    7 0   206.061578021434   254.967010300871   142.862555024934
Adsorbate-atom-force:    8 0    -0.052150599833    58.905252922077  -626.051218520710
Adsorbate-atom-force:    9 0    30.370139251837   177.595620558455   -27.456339696775
Adsorbate-atom-force:    10 0   428.918135351542   167.664415011462   159.123920269571
Adsorbate-atom-force:    11 0  -471.787997054456  -601.311132197488   459.880994269420
Adsorbate-atom-force:    12 0    81.067859958066  -573.363815012412  -472.664328933080
Adsorbate-atom-force:    13 0   198.792164684675   114.777159157302   134.585547238636
Adsorbate-atom-force:    14 0   472.360608937384   262.033637081271   854.146708383004
Adsorbate-atom-force:    15 0   -23.989621444348   156.037814089449   247.197366662513
Adsorbate-atom-force:    16 0  -641.510251056497 -1537.243352483509 -1335.603339045882
Adsorbate-atom-force:    17 0   132.848359822951  -219.612661589628    36.514168831420
Adsorbate-atom-force:    18 0   251.040369395569  -173.852957499929  -423.844748161927
Adsorbate-atom-force:    19 0  -155.888998402086  -155.321994017555  -144.199315829789
Adsorbate-atom-force:    20 0   192.746298014013  -238.532477941531   230.571979004414
Adsorbate-atom-force:    21 0    48.800140279084   204.276626326676   119.765910279820
Adsorbate-atom-force:    22 0   -71.417564937598   270.005800904583  -108.088759169215
Adsorbate-atom-force:    23 0    -2.887304750271   -80.006804970720   248.038009158299
Adsorbate-atom-force:    24 0  -186.435906347691  -113.806173128774    21.132821585632
Adsorbate-atom-force:    25 0  -191.037879225715  -148.748860724489  -218.554066190570
Adsorbate-atom-force:    26 0    89.758659507812  -143.019880437763   187.489740411799
Adsorbate-atom-force:    27 0    32.820334555065    94.902607214855   -16.516546391108
Adsorbate-atom-force:    28 0    51.022795446566    49.761618533685   193.075469674589
Adsorbate-atom-force:    29 0  -102.893828336555   424.909449810571   194.117958702448
Adsorbate-atom-force:    30 0  -376.100945445965   625.391883644188  -223.547942202219
Adsorbate-atom-force:    31 0  -259.021645528081    23.043066020140   298.398128758879
Adsorbate-atom-force:    32 0  -263.058603917783  -124.706632810188   -47.728701227692
Adsorbate-atom-force:    33 0    55.552558488747     4.705937497236   308.752575535659
Adsorbate-atom-force:    34 0     1.083153254609   -11.662574573838   170.110983141133
Adsorbate-atom-force:    35 0   270.161888855985  -279.977153043834    84.824011854571
Adsorbate-atom-force:    36 0  -319.411566351038  -295.112691224922   352.161110046020
Adsorbate-atom-force:    37 0    -5.395284208038   126.394294668096    -1.796205106971
Adsorbate-atom-force:    38 0   147.463909536920   262.762390269551   306.779398643152
Adsorbate-atom-force:    39 0   150.449569010388  -641.728420091406  -405.161314197778
Adsorbate-atom-force:    40 0  -393.084934016123  -374.012621637131  -111.182840156229
Adsorbate-atom-force:    41 0  -601.635513662469   357.818279921162   511.664594155620
Adsorbate-atom-force:    42 0  -139.220611814821  -351.613272231678   289.556210114251
Adsorbate-atom-force:    43 0    15.232550321918   349.015314041098  -277.299064294173
Adsorbate-atom-force:    44 0   143.581604331163   -42.126708164773  -109.452506295939
Adsorbate-atom-force:    45 0   -85.189032924737  -541.406465290920  -243.737950776681
Adsorbate-atom-force:    46 0  -382.232806353677  -135.049941911438  -319.699426661766
Adsorbate-atom-force:    47 0   366.755247957745   560.979376070201    85.873319179704
Adsorbate-atom-force:    48 0  -174.734315169562  -338.497786472952    41.080702107465
Adsorbate-atom-force:    49 0   343.926332686167  -241.508605881481  -553.123593539093
Adsorbate-atom-force:    50 0   874.733534362547  -178.568141440781   493.674018582143
Adsorbate-atom-force:    51 0   249.496516208202   181.232436888161   160.223775773721
Adsorbate-atom-force:    52 0   520.142729256509  -183.523506098384   614.138741988876
Adsorbate-atom-force:    53 0   156.593824543075  -124.532336191326   -35.320619569319
Adsorbate-atom-force:    54 0  -271.906514638039    56.679408394334   273.095534653436
Adsorbate-atom-force:    55 0   269.092968999040  -191.245344562118  -250.374204213287
Adsorbate-atom-force:    56 0   100.828190388397    49.711127128073    66.517252045947
Adsorbate-atom-force:    57 0   933.527880573705   345.035622125867  -303.589731298525
Adsorbate-atom-force:    58 0  -274.545270022149   274.657114183981   266.621713248250
Adsorbate-atom-force:    59 0   202.234344641401   165.912108386768   101.816519803160
Adsorbate-atom-force:    60 0   161.653059160910   324.104194041229    40.684491982395
Adsorbate-atom-force:    61 0  -998.594908855527   562.662933256936   511.838800891021
Adsorbate-atom-force:    62 0   285.330489136787   345.026417524498   238.542233656342
Adsorbate-atom-force:    63 0   -53.509649215522  -114.134654010118   285.081794183577
Adsorbate-atom-force:    64 0  -187.622496096198   170.543969253603  -172.481754053443
Adsorbate-atom-force:    65 0  -848.002214524883  -328.841163040899  -266.105202737442
Adsorbate-atom-force:    66 0  -248.269488937688  -211.123761047351   146.974187808181
Adsorbate-atom-force:    67 0   -57.783844737880     5.838102548004   146.163472191918
Adsorbate-atom-force:    68 0  -162.552557853401  -132.815267589255   128.770222452576
Adsorbate-atom-force:    69 0  -386.949216371316   283.070449512646   438.756686575920
Adsorbate-atom-force:    70 0    41.388527258431    20.993211926191   -20.343531878524
Adsorbate-atom-force:    71 0   100.330349938071   -39.400463499434  -119.362156989998
Adsorbate-atom-force:    72 0   765.010055128259   304.264218836778   361.341364567663
Adsorbate-atom-force:    73 0  -189.176448334683  -273.618965117122  -176.524235132041
Adsorbate-atom-force:    74 0   774.581125350832  -189.861239834143  -543.355276068490
Adsorbate-atom-force:    75 0   -92.590572323850    36.958978798616   -15.073775597096
Adsorbate-atom-force:    76 0   145.768377665497  -239.470406323154  -164.533595731386
Adsorbate-atom-force:    77 0   434.813724490383   -83.094049312695   308.149023787965
Adsorbate-atom-force:    78 0  -734.480762777818   354.915016905964  -321.405464357007
Adsorbate-atom-force:    79 0   204.182804493179   -65.492933924712    12.207760631887
Adsorbate-atom-force:    80 0   287.067925368622    63.849651707281   134.817020627481
Adsorbate-atom-force:    81 0   551.000785921844  -140.221471481107  -814.126076071883
Adsorbate-atom-force:    82 0  -436.837810817789   494.694485408126  -250.425682258702
Adsorbate-atom-force:    83 0  -562.068232729292 -1009.774527311761   676.050843452927
Adsorbate-atom-force:    84 0  -466.011592710744   320.347037274354  -106.133136191547
Adsorbate-atom-force:    85 0   349.930427579653  -363.279732087475   112.666385540497
Adsorbate-atom-force:    86 0   304.162350837243   392.745852191584  -267.613480386999
Adsorbate-atom-force:    87 0  -118.850953157603   173.382139604253   -29.402240663250
Adsorbate-atom-force:    88 0    10.883389209038   132.577211015335  -195.834073135728
Adsorbate-atom-force:    89 0  -292.366273222356     0.503961800828   144.878207791913
Adsorbate-atom-force:    90 0   -37.654768181066   -75.740104644159    -3.396188362095
Adsorbate-atom-force:    91 0  -253.881969629451   217.147204125877   231.584127128652
Adsorbate-atom-force:    92 0   394.333601683974    86.489869530712   505.294739040620
Adsorbate-atom-force:    93 0  -104.835927618257  -104.214980171011  -118.552097473970
Adsorbate-atom-force:    94 0  -158.260224026543   323.008031062822     4.834644737452
Adsorbate-atom-force:    95 0    54.244499991399  -362.692256912553  -165.348085521544
Adsorbate-atom-force:    96 0    58.473537734198   279.837856472708   657.517768891357
Adsorbate-atom-force:    97 0   174.053294504728  -112.659804076099    46.801688993426
Adsorbate-atom-force:    98 0   167.558220640192    88.565750824333   -39.463901552306
Adsorbate-atom-force:    99 0    83.274850368915   115.802368348027   315.220524946082
Adsorbate-atom-force:    100 0   213.363804822429  -150.153525993304   172.321911111988
Adsorbate-atom-force:    101 0   -90.533844356010    31.684590638018  -275.154408317467
Adsorbate-atom-force:    102 0  -547.352284534999   349.850170575420  -685.870813697612
Adsorbate-atom-force:    103 0    57.645452354927    63.767310552379   130.418210389404
Adsorbate-atom-force:    104 0   -65.155073392152   522.004421413083  -611.453895531559
Adsorbate-atom-force:    105 0  -243.280167256138   118.584442823319  -127.753179949605
Adsorbate-atom-force:    106 0    39.905539517134   -32.117376010999  -479.100358791692
Adsorbate-atom-force:    107 0   513.757578629406  -377.200258749478  -442.369529672188
Adsorbate-atom-force:    108 0  -117.057972995269   166.617047950984  -215.877051785751
Adsorbate-atom-force:    109 0  -162.746914196315  -235.020210132773    54.004878156706
Adsorbate-atom-force:    110 0  -128.709617455072   119.650401024321  -113.072814046150
Adsorbate-atom-force:    111 0  -545.115648175211   -47.469321584587    18.172948254416
Adsorbate-atom-force:    112 0   242.309051362116  -242.441407387888   310.297229312956
Adsorbate-atom-force:    113 0   105.300940688255   -23.357084516904  -235.716371938437
Adsorbate-atom-force:    114 0  -268.451612324056  -152.202173470721   318.492418539844
Adsorbate-atom-force:    115 0  -245.929320530205   409.316867212855   472.964833208004
Adsorbate-atom-force:    116 0   645.595513008667    15.718681685778     1.816630072749
Adsorbate-atom-force:    117 0   -12.139214542978   169.371980863369    46.791390004510
Adsorbate-atom-force:    118 0   -62.885808394555   -45.311069337373   -35.588540523489
Adsorbate-atom-force:    119 0   -89.170046656287  -305.282822694551  -466.891376034007
Adsorbate-atom-force:    120 0  -362.149226054888   313.835295850402  -159.868124624432
Adsorbate-atom-force:    121 0   -44.235801239882   -58.067484383705   338.408325610059
Adsorbate-atom-force:    122 0   -41.241860877670    95.574285330923   -15.528450382692
Adsorbate-atom-force:    123 0  -217.431320713185  -156.723200642654   -49.063273025996
Adsorbate-atom-force:    124 0    52.231721793717   -85.426378067776   -52.059158375016
Adsorbate-atom-force:    125 0  -535.477820912301  -115.094365672211  -451.186828444289
Adsorbate-atom-force:    126 0   524.453464180300   527.947077735247   591.929521105041
Adsorbate-atom-force:    127 0   301.816405931781    36.390727879267    -4.240555869661
Adsorbate-atom-force:    128 0   -26.314503948427   436.097775222030   432.417351152780
Adsorbate-atom-force:    129 0   333.688817827405   -13.324950433177   -38.389991870323
Adsorbate-atom-force:    130 0   216.770160132493   111.323472547383   -37.954183065255
Adsorbate-atom-force:    131 0  -243.250718100084  -246.914414341108   264.469008956566
Adsorbate-atom-force:    132 0    14.613727343935   -27.487782332799     9.086475887629
Adsorbate-atom-force:    133 0   -63.399517185820   348.328356549712    36.370112144889
Adsorbate-atom-force:    134 0  -322.926507298404  -280.040357287631   140.549964278023
Adsorbate-atom-force:    135 0   396.107119985305     4.390355547434   161.161057134213
Adsorbate-atom-force:    136 0   301.279684260716   -33.403450689094  -141.577549991991
Adsorbate-atom-force:    137 0   155.024970804221   279.872529354114  -195.235133380092
Adsorbate-atom-force:    138 0   574.598528406439  -907.750310387477  -974.302501516426
Adsorbate-atom-force:    139 0  -115.561068685907  -123.803751640782  -108.879413685956
Adsorbate-atom-force:    140 0  -849.016499693964  -119.725322817436   563.652711368755
Adsorbate-atom-force:    141 0   -59.439851857835  -303.835683775038   306.241500147444
Adsorbate-atom-force:    142 0    61.438740822714    99.571888209657    -4.767229259206
Adsorbate-atom-force:    143 0   368.558625462958  -282.307060629205  -120.697269440425
Adsorbate-atom-force:    144 0  -337.787897980349   809.117457843972  -403.465503750235
Adsorbate-atom-force:    145 0  -318.382426890344  -261.714446514943   377.383883957921
Adsorbate-atom-force:    146 0   159.419823770167   -91.861096978895     0.006732155484
Adsorbate-atom-force:    147 0   331.576996223467   -28.888500701983   350.363442889901
Adsorbate-atom-force:    148 0  1131.120110222801  1220.413028393131   980.504903823932
Adsorbate-atom-force:    149 0   201.723762148148   -41.591773778007  -102.772687791454
Adsorbate-atom-force:    150 0   223.108365999350    13.451882386946   -27.646138942131
Adsorbate-atom-force:    151 0  -530.953963962513   583.434125588183  -831.762483167736
Adsorbate-atom-force:    152 0  -111.510569667162  -226.736909629426    96.027726271005
Adsorbate-atom-force:    153 0    66.551378513449   131.076559122811  -148.744854201613
Adsorbate-atom-force:    154 0   230.343922086502    96.484717706527  -350.702175120164
Adsorbate-atom-force:    155 0   -74.577993035569    41.188663167321  -311.273751359237
Adsorbate-atom-force:    156 0   244.092857037129   -48.652018388160    23.274829528020
Adsorbate-atom-force:    157 0   -44.217330047210   -27.221402122688   -24.925420457386
Adsorbate-atom-force:    158 0  -278.983738152844   -33.101838134285   283.967836491610
Adsorbate-atom-force:    159 0    39.483702501274   -65.801261338137   -80.151596120407
Adsorbate-atom-force:    160 0  -177.270684203190   379.384070443125  -459.129623424151
Adsorbate-atom-force:    161 0   128.146639076020  -164.834925542345   301.853682774295
Adsorbate-atom-force:    162 0  -125.140143579934   695.723576680325    55.928992699177
Adsorbate-atom-force:    163 0  -160.173024861128   181.528690086024  -206.220664040876
Adsorbate-atom-force:    164 0     1.751794574143   271.199779910704   341.965967397808
Adsorbate-atom-force:    165 0  -197.530938276000  -222.605082111701   228.840515421249
Adsorbate-atom-force:    166 0     0.989871774502    20.393160068854    -0.849617674420
Adsorbate-atom-force:    167 0   191.327410087446   225.194184683220  -360.546264059979
Adsorbate-atom-force:    168 0    94.765310044198   237.918320893591   239.739758926786
Adsorbate-atom-force:    169 0    33.085373071195   296.554323886173  -143.939062730926
Adsorbate-atom-force:    170 0   311.862553571681   217.181505281764  -605.401626771037
Adsorbate-atom-force:    171 0  -141.281701986443   249.081058050867   101.782589411472
Adsorbate-atom-force:    172 0  -333.913782385990   507.653357897600  -217.279370283190
Adsorbate-atom-force:    173 0   309.586799676636    43.107767002464   -74.043191122931
Adsorbate-atom-force:    174 0   327.810486457637  -428.788039113910  -371.849804695553
Adsorbate-atom-force:    175 0   -48.110645901171   140.667156342971    26.236180125362
Adsorbate-atom-force:    176 0   -59.483681044954   231.816140084776   209.861233471671
Adsorbate-atom-force:    177 0  -249.360808736556    11.077246034804  -240.174894257180
Adsorbate-atom-force:    178 0  -236.649262982402  -214.063000053158   158.075362322148
Adsorbate-atom-force:    179 0   230.474583325633  -421.924710154170  -185.724292597098
Adsorbate-atom-force:    180 0  -386.216284967057   -99.996983710429   346.517911173539
Adsorbate-atom-force:    181 0   816.035250576551   294.245769146912  -166.433755365841
Adsorbate-atom-force:    182 0  -232.457926942552    21.122459924299    -9.103335188883
Adsorbate-atom-force:    183 0  -172.845843488541  -254.268384340043   248.712565311398
Adsorbate-atom-force:    184 0  -275.211253110399   170.294987799443  -355.809290250023
Adsorbate-atom-force:    185 0  -662.634392886011  -273.335002683366  -454.762626685078
Adsorbate-atom-force:    186 0   -54.879994573890  -128.516628136414  -170.882699018314
Adsorbate-atom-force:    187 0  -244.591779414902  -193.055585078968  -323.831963145690
Adsorbate-atom-force:    188 0    12.418348813108   310.977366871389   -39.356944496673
Adsorbate-atom-force:    189 0    36.712148495791   -57.045789415004  -356.783562535921
Adsorbate-atom-force:    190 0  -649.321422236948  -178.242927051255  -406.039732669525
Adsorbate-atom-force:    191 0   -55.438638135832   659.527311904024  -883.400800773816
Adsorbate-atom-force:    192 0   -76.151130329300    15.448053561375    26.174197824053
Adsorbate-atom-force:    193 0   198.615913831703   255.591536757622  -168.636367404193
Adsorbate-atom-force:    194 0   -57.135611093966  -151.592667076547   223.027761559276
Adsorbate-atom-force:    195 0   -78.186926643825  -102.290280945915   -29.828360909958
Adsorbate-atom-force:    196 0   -57.014776214934   125.260966164591  -211.829462740314
Adsorbate-atom-force:    197 0    -4.416717339898    45.218390814521   -87.252011871250
Adsorbate-atom-force:    198 0  -157.227455331976   608.156767753571   346.769469677447
Adsorbate-atom-force:    199 0   -83.133278622482     9.885968373368    45.120996402084
Adsorbate-atom-charge:   0 0     0.000000000000
Adsorbate-atom-charge:   1 0     0.000000000000
Adsorbate-atom-charge:   2 0     0.000000000000
Adsorbate-atom-charge:   3 0     0.000000000000
Adsorbate-atom-charge:   4 0     0.000000000000
Adsorbate-atom-charge:   5 0     0.000000000000
Adsorbate-atom-charge:   6 0     0.000000000000
Adsorbate-atom-charge:   7 0     0.000000000000
Adsorbate-atom-charge:   8 0     0.000000000000
Adsorbate-atom-charge:   9 0     0.000000000000
Adsorbate-atom-charge:   10 0     0.000000000000
Adsorbate-atom-charge:   11 0     0.000000000000
Adsorbate-atom-charge:   12 0     0.000000000000
Adsorbate-atom-charge:   13 0     0.000000000000
Adsorbate-atom-charge:   14 0     0.000000000000
Adsorbate-atom-charge:   15 0     0.000000000000
Adsorbate-atom-charge:   16 0     0.000000000000
Adsorbate-atom-charge:   17 0     0.000000000000
Adsorbate-atom-charge:   18 0     0.000000000000
Adsorbate-atom-charge:   19 0     0.000000000000
Adsorbate-atom-charge:   20 0     0.000000000000
Adsorbate-atom-charge:   21 0     0.000000000000
Adsorbate-atom-charge:   22 0     0.000000000000
Adsorbate-atom-charge:   23 0     0.000000000000
Adsorbate-atom-charge:   24 0     0.000000000000
Adsorbate-atom-charge:   25 0     0.000000000000
Adsorbate-atom-charge:   26 0     0.000000000000
Adsorbate-atom-charge:   27 0     0.000000000000
Adsorbate-atom-charge:   28 0     0.000000000000
Adsorbate-atom-charge:   29 0     0.000000000000
Adsorbate-atom-charge:   30 0     0.000000000000
Adsorbate-atom-charge:   31 0     0.000000000000
Adsorbate-atom-charge:   32 0     0.000000000000
Adsorbate-atom-charge:   33 0     0.000000000000
Adsorbate-atom-charge:   34 0     0.000000000000
Adsorbate-atom-charge:   35 0     0.000000000000
Adsorbate-atom-charge:   36 0     0.000000000000
Adsorbate-atom-charge:   37 0     0.000000000000
Adsorbate-atom-charge:   38 0     0.000000000000
Adsorbate-atom-charge:   39 0     0.000000000000
Adsorbate-atom-charge:   40 0     0.000000000000
Adsorbate-atom-charge:   41 0     0.000000000000
Adsorbate-atom-charge:   42 0     0.000000000000
Adsorbate-atom-charge:   43 0     0.000000000000
Adsorbate-atom-charge:   44 0     0.000000000000
Adsorbate-atom-charge:   45 0     0.000000000000
Adsorbate-atom-charge:   46 0     0.000000000000
Adsorbate-atom-charge:   47 0     0.000000000000
Adsorbate-atom-charge:   48 0     0.000000000000
Adsorbate-atom-charge:   49 0     0.000000000000
Adsorbate-atom-charge:   50 0     0.000000000000
Adsorbate-atom-charge:   51 0     0.000000000000
Adsorbate-atom-charge:   52 0     0.000000000000
Adsorbate-atom-charge:   53 0     0.000000000000
Adsorbate-atom-charge:   54 0     0.000000000000
Adsorbate-atom-charge:   55 0     0.000000000000
Adsorbate-atom-charge:   56 0     0.000000000000
Adsorbate-atom-charge:   57 0     0.000000000000
Adsorbate-atom-charge:   58 0     0.000000000000
Adsorbate-atom-charge:   59 0     0.000000000000
Adsorbate-atom-charge:   60 0     0.000000000000
Adsorbate-atom-charge:   61 0     0.000000000000
Adsorbate-atom-charge:   62 0     0.000000000000
Adsorbate-atom-charge:   63 0     0.000000000000
Adsorbate-atom-charge:   64 0     0.000000000000
Adsorbate-atom-charge:   65 0     0.000000000000
Adsorbate-atom-charge:   66 0     0.000000000000
Adsorbate-atom-charge:   67 0     0.000000000000
Adsorbate-atom-charge:   68 0     0.000000000000
Adsorbate-atom-charge:   69 0     0.000000000000
Adsorbate-atom-charge:   70 0     0.000000000000
Adsorbate-atom-charge:   71 0     0.000000000000
Adsorbate-atom-charge:   72 0     0.000000000000
Adsorbate-atom-charge:   73 0     0.000000000000
Adsorbate-atom-charge:   74 0     0.000000000000
Adsorbate-atom-charge:   75 0     0.000000000000
Adsorbate-atom-charge:   76 0     0.000000000000
Adsorbate-atom-charge:   77 0     0.000000000000
Adsorbate-atom-charge:   78 0     0.000000000000
Adsorbate-atom-charge:   79 0     0.000000000000
Adsorbate-atom-charge:   80 0     0.000000000000
Adsorbate-atom-charge:   81 0     0.000000000000
Adsorbate-atom-charge:   82 0     0.000000000000
Adsorbate-atom-charge:   83 0     0.000000000000
Adsorbate-atom-charge:   84 0     0.000000000000
Adsorbate-atom-charge:   85 0     0.000000000000
Adsorbate-atom-charge:   86 0     0.000000000000
Adsorbate-atom-charge:   87 0     0.000000000000
Adsorbate-atom-charge:   88 0     0.000000000000
Adsorbate-atom-charge:   89 0     0.000000000000
Adsorbate-atom-charge:   90 0     0.000000000000
Adsorbate-atom-charge:   91 0     0.000000000000
Adsorbate-atom-charge:   92 0     0.000000000000
Adsorbate-atom-charge:   93 0     0.000000000000
Adsorbate-atom-charge:   94 0     0.000000000000
Adsorbate-atom-charge:   95 0     0.000000000000
Adsorbate-atom-charge:   96 0     0.000000000000
Adsorbate-atom-charge:   97 0     0.000000000000
Adsorbate-atom-charge:   98 0     0.000000000000
Adsorbate-atom-charge:   99 0     0.000000000000
Adsorbate-atom-charge:   100 0     0.000000000000
Adsorbate-atom-charge:   101 0     0.000000000000
Adsorbate-atom-charge:   102 0     0.000000000000
Adsorbate-atom-charge:   103 0     0.000000000000
Adsorbate-atom-charge:   104 0     0.000000000000
Adsorbate-atom-charge:   105 0     0.000000000000
Adsorbate-atom-charge:   106 0     0.000000000000
Adsorbate-atom-charge:   107 0     0.000000000000
Adsorbate-atom-charge:   108 0     0.000000000000
Adsorbate-atom-charge:   109 0     0.000000000000
Adsorbate-atom-charge:   110 0     0.000000000000
Adsorbate-atom-charge:   111 0     0.000000000000
Adsorbate-atom-charge:   112 0     0.000000000000
Adsorbate-atom-charge:   113 0     0.000000000000
Adsorbate-atom-charge:   114 0     0.000000000000
Adsorbate-atom-charge:   115 0     0.000000000000
Adsorbate-atom-charge:   116 0     0.000000000000
Adsorbate-atom-charge:   117 0     0.000000000000
Adsorbate-atom-charge:   118 0     0.000000000000
Adsorbate-atom-charge:   119 0     0.000000000000
Adsorbate-atom-charge:   120 0     0.000000000000
Adsorbate-atom-charge:   121 0     0.000000000000
Adsorbate-atom-charge:   122 0     0.000000000000
Adsorbate-atom-charge:   123 0     0.000000000000
Adsorbate-atom-charge:   124 0     0.000000000000
Adsorbate-atom-charge:   125 0     0.000000000000
Adsorbate-atom-charge:   126 0     0.000000000000
Adsorbate-atom-charge:   127 0     0.000000000000
Adsorbate-atom-charge:   128 0     0.000000000000
Adsorbate-atom-charge:   129 0     0.000000000000
Adsorbate-atom-charge:   130 0     0.000000000000
Adsorbate-atom-charge:   131 0     0.000000000000
Adsorbate-atom-charge:   132 0     0.000000000000
Adsorbate-atom-charge:   133 0     0.000000000000
Adsorbate-atom-charge:   134 0     0.000000000000
Adsorbate-atom-charge:   135 0     0.000000000000
Adsorbate-atom-charge:   136 0     0.000000000000
Adsorbate-atom-charge:   137 0     0.000000000000
Adsorbate-atom-charge:   138 0     0.000000000000
Adsorbate-atom-charge:   139 0     0.000000000000
Adsorbate-atom-charge:   140 0     0.000000000000
Adsorbate-atom-charge:   141 0     0.000000000000
Adsorbate-atom-charge:   142 0     0.000000000000
Adsorbate-atom-charge:   143 0     0.000000000000
Adsorbate-atom-charge:   144 0     0.000000000000
Adsorbate-atom-charge:   145 0     0.000000000000
Adsorbate-atom-charge:   146 0     0.000000000000
Adsorbate-atom-charge:   147 0     0.000000000000
Adsorbate-atom-charge:   148 0     0.000000000000
Adsorbate-atom-charge:   149 0     0.000000000000
Adsorbate-atom-charge:   150 0     0.000000000000
Adsorbate-atom-charge:   151 0     0.000000000000
Adsorbate-atom-charge:   152 0     0.000000000000
Adsorbate-atom-charge:   153 0     0.000000000000
Adsorbate-atom-charge:   154 0     0.000000000000
Adsorbate-atom-charge:   155 0     0.000000000000
Adsorbate-atom-charge:   156 0     0.000000000000
Adsorbate-atom-charge:   157 0     0.000000000000
Adsorbate-atom-charge:   158 0     0.000000000000
Adsorbate-atom-charge:   159 0     0.000000000000
Adsorbate-atom-charge:   160 0     0.000000000000
Adsorbate-atom-charge:   161 0     0.000000000000
Adsorbate-atom-charge:   162 0     0.000000000000
Adsorbate-atom-charge:   163 0     0.000000000000
Adsorbate-atom-charge:   164 0     0.000000000000
Adsorbate-atom-charge:   165 0     0.000000000000
Adsorbate-atom-charge:   166 0     0.000000000000
Adsorbate-atom-charge:   167 0     0.000000000000
Adsorbate-atom-charge:   168 0     0.000000000000
Adsorbate-atom-charge:   169 0     0.000000000000
Adsorbate-atom-charge:   170 0     0.000000000000
Adsorbate-atom-charge:   171 0     0.000000000000
Adsorbate-atom-charge:   172 0     0.000000000000
Adsorbate-atom-charge:   173 0     0.000000000000
Adsorbate-atom-charge:   174 0     0.000000000000
Adsorbate-atom-charge:   175 0     0.000000000000
Adsorbate-atom-charge:   176 0     0.000000000000
Adsorbate-atom-charge:   177 0     0.000000000000
Adsorbate-atom-charge:   178 0     0.000000000000
Adsorbate-atom-charge:   179 0     0.000000000000
Adsorbate-atom-charge:   180 0     0.000000000000
Adsorbate-atom-charge:   181 0     0.000000000000
Adsorbate-atom-charge:   182 0     0.000000000000
Adsorbate-atom-charge:   183 0     0.000000000000
Adsorbate-atom-charge:   184 0     0.000000000000
Adsorbate-atom-charge:   185 0     0.000000000000
Adsorbate-atom-charge:   186 0     0.000000000000
Adsorbate-atom-charge:   187 0     0.000000000000
Adsorbate-atom-charge:   188 0     0.000000000000
Adsorbate-atom-charge:   189 0     0.000000000000
Adsorbate-atom-charge:   190 0     0.000000000000
Adsorbate-atom-charge:   191 0     0.000000000000
Adsorbate-atom-charge:   192 0     0.000000000000
Adsorbate-atom-charge:   193 0     0.000000000000
Adsorbate-atom-charge:   194 0     0.000000000000
Adsorbate-atom-charge:   195 0     0.000000000000
Adsorbate-atom-charge:   196 0     0.000000000000
Adsorbate-atom-charge:   197 0     0.000000000000
Adsorbate-atom-charge:   198 0     0.000000000000
Adsorbate-atom-charge:   199 0     0.000000000000
Adsorbate-atom-scaling:  0 0     1.000000000000
Adsorbate-atom-scaling:  1 0     1.000000000000
Adsorbate-atom-scaling:  2 0     1.000000000000
Adsorbate-atom-scaling:  3 0     1.000000000000
Adsorbate-atom-scaling:  4 0     1.000000000000
Adsorbate-atom-scaling:  5 0     1.000000000000
Adsorbate-atom-scaling:  6 0     1.000000000000
Adsorbate-atom-scaling:  7 0     1.000000000000
Adsorbate-atom-scaling:  8 0     1.000000000000
Adsorbate-atom-scaling:  9 0     1.000000000000
Adsorbate-atom-scaling:  10 0     1.000000000000
Adsorbate-atom-scaling:  11 0     1.000000000000
Adsorbate-atom-scaling:  12 0     1.000000000000
Adsorbate-atom-scaling:  13 0     1.000000000000
Adsorbate-atom-scaling:  14 0     1.000000000000
Adsorbate-atom-scaling:  15 0     1.000000000000
Adsorbate-atom-scaling:  16 0     1.000000000000
Adsorbate-atom-scaling:  17 0     1.000000000000
Adsorbate-atom-scaling:  18 0     1.000000000000
Adsorbate-atom-scaling:  19 0     1.000000000000
Adsorbate-atom-scaling:  20 0     1.000000000000
Adsorbate-atom-scaling:  21 0     1.000000000000
Adsorbate-atom-scaling:  22 0     1.000000000000
Adsorbate-atom-scaling:  23 0     1.000000000000
Adsorbate-atom-scaling:  24 0     1.000000000000
Adsorbate-atom-scaling:  25 0     1.000000000000
Adsorbate-atom-scaling:  26 0     1.000000000000
Adsorbate-atom-scaling:  27 0     1.000000000000
Adsorbate-atom-scaling:  28 0     1.000000000000
Adsorbate-atom-scaling:  29 0     1.000000000000
Adsorbate-atom-scaling:  30 0     1.000000000000
Adsorbate-atom-scaling:  31 0     1.000000000000
Adsorbate-atom-scaling:  32 0     1.000000000000
Adsorbate-atom-scaling:  33 0     1.000000000000
Adsorbate-atom-scaling:  34 0     1.000000000000
Adsorbate-atom-scaling:  35 0     1.000000000000
Adsorbate-atom-scaling:  36 0     1.000000000000
Adsorbate-atom-scaling:  37 0     1.000000000000
Adsorbate-atom-scaling:  38 0     1.000000000000
Adsorbate-atom-scaling:  39 0     1.000000000000
Adsorbate-atom-scaling:  40 0     1.000000000000
Adsorbate-atom-scaling:  41 0     1.000000000000
Adsorbate-atom-scaling:  42 0     1.000000000000
Adsorbate-atom-scaling:  43 0     1.000000000000
Adsorbate-atom-scaling:  44 0     1.000000000000
Adsorbate-atom-scaling:  45 0     1.000000000000
Adsorbate-atom-scaling:  46 0     1.000000000000
Adsorbate-atom-scaling:  47 0     1.000000000000
Adsorbate-atom-scaling:  48 0     1.000000000000
Adsorbate-atom-scaling:  49 0     1.000000000000
Adsorbate-atom-scaling:  50 0     1.000000000000
Adsorbate-atom-scaling:  51 0     1.000000000000
Adsorbate-atom-scaling:  52 0     1.000000000000
Adsorbate-atom-scaling:  53 0     1.000000000000
Adsorbate-atom-scaling:  54 0     1.000000000000
Adsorbate-atom-scaling:  55 0     1.000000000000
Adsorbate-atom-scaling:  56 0     1.000000000000
Adsorbate-atom-scaling:  57 0     1.000000000000
Adsorbate-atom-scaling:  58 0     1.000000000000
Adsorbate-atom-scaling:  59 0     1.000000000000
Adsorbate-atom-scaling:  60 0     1.000000000000
Adsorbate-atom-scaling:  61 0     1.000000000000
Adsorbate-atom-scaling:  62 0     1.000000000000
Adsorbate-atom-scaling:  63 0     1.000000000000
Adsorbate-atom-scaling:  64 0     1.000000000000
Adsorbate-atom-scaling:  65 0     1.000000000000
Adsorbate-atom-scaling:  66 0     1.000000000000
Adsorbate-atom-scaling:  67 0     1.000000000000
Adsorbate-atom-scaling:  68 0     1.000000000000
Adsorbate-atom-scaling:  69 0     1.000000000000
Adsorbate-atom-scaling:  70 0     1.000000000000
Adsorbate-atom-scaling:  71 0     1.000000000000
Adsorbate-atom-scaling:  72 0     1.000000000000
Adsorbate-atom-scaling:  73 0     1.000000000000
Adsorbate-atom-scaling:  74 0     1.000000000000
Adsorbate-atom-scaling:  75 0     1.000000000000
Adsorbate-atom-scaling:  76 0     1.000000000000
Adsorbate-atom-scaling:  77 0     1.000000000000
Adsorbate-atom-scaling:  78 0     1.000000000000
Adsorbate-atom-scaling:  79 0     1.000000000000
Adsorbate-atom-scaling:  80 0     1.000000000000
Adsorbate-atom-scaling:  81 0     1.000000000000
Adsorbate-atom-scaling:  82 0     1.000000000000
Adsorbate-atom-scaling:  83 0     1.000000000000
Adsorbate-atom-scaling:  84 0     1.000000000000
Adsorbate-atom-scaling:  85 0     1.000000000000
Adsorbate-atom-scaling:  86 0     1.000000000000
Adsorbate-atom-scaling:  87 0     1.000000000000
Adsorbate-atom-scaling:  88 0     1.000000000000
Adsorbate-atom-scaling:  89 0     1.000000000000
Adsorbate-atom-scaling:  90 0     1.000000000000
Adsorbate-atom-scaling:  91 0     1.000000000000
Adsorbate-atom-scaling:  92 0     1.000000000000
Adsorbate-atom-scaling:  93 0     1.000000000000
Adsorbate-atom-scaling:  94 0     1.000000000000
Adsorbate-atom-scaling:  95 0     1.000000000000
Adsorbate-atom-scaling:  96 0     1.000000000000
Adsorbate-atom-scaling:  97 0     1.000000000000
Adsorbate-atom-scaling:  98 0     1.000000000000
Adsorbate-atom-scaling:  99 0     1.000000000000
Adsorbate-atom-scaling:  100 0     1.000000000000
Adsorbate-atom-scaling:  101 0     1.000000000000
Adsorbate-atom-scaling:  102 0     1.000000000000
Adsorbate-atom-scaling:  103 0     1.000000000000
Adsorbate-atom-scaling:  104 0     1.000000000000
Adsorbate-atom-scaling:  105 0     1.000000000000
Adsorbate-atom-scaling:  106 0     1.000000000000
Adsorbate-atom-scaling:  107 0     1.000000000000
Adsorbate-atom-scaling:  108 0     1.000000000000
Adsorbate-atom-scaling:  109 0     1.000000000000
Adsorbate-atom-scaling:  110 0     1.000000000000
Adsorbate-atom-scaling:  111 0     1.000000000000
Adsorbate-atom-scaling:  112 0     1.000000000000
Adsorbate-atom-scaling:  113 0     1.000000000000
Adsorbate-atom-scaling:  114 0     1.000000000000
Adsorbate-atom-scaling:  115 0     1.000000000000
Adsorbate-atom-scaling:  116 0     1.000000000000
Adsorbate-atom-scaling:  117 0     1.000000000000
Adsorbate-atom-scaling:  118 0     1.000000000000
Adsorbate-atom-scaling:  119 0     1.000000000000
Adsorbate-atom-scaling:  120 0     1.000000000000
Adsorbate-atom-scaling:  121 0     1.000000000000
Adsorbate-atom-scaling:  122 0     1.000000000000
Adsorbate-atom-scaling:  123 0     1.000000000000
Adsorbate-atom-scaling:  124 0     1.000000000000
Adsorbate-atom-scaling:  125 0     1.000000000000
Adsorbate-atom-scaling:  126 0     1.000000000000
Adsorbate-atom-scaling:  127 0     1.000000000000
Adsorbate-atom-scaling:  128 0     1.000000000000
Adsorbate-atom-scaling:  129 0     1.000000000000
Adsorbate-atom-scaling:  130 0     1.000000000000
Adsorbate-atom-scaling:  131 0     1.000000000000
Adsorbate-atom-scaling:  132 0     1.000000000000
Adsorbate-atom-scaling:  133 0     1.000000000000
Adsorbate-atom-scaling:  134 0     1.000000000000
Adsorbate-atom-scaling:  135 0     1.000000000000
Adsorbate-atom-scaling:  136 0     1.000000000000
Adsorbate-atom-scaling:  137 0     1.000000000000
Adsorbate-atom-scaling:  138 0     1.000000000000
Adsorbate-atom-scaling:  139 0     1.000000000000
Adsorbate-atom-scaling:  140 0     1.000000000000
Adsorbate-atom-scaling:  141 0     1.000000000000
Adsorbate-atom-scaling:  142 0     1.000000000000
Adsorbate-atom-scaling:  143 0     1.000000000000
Adsorbate-atom-scaling:  144 0     1.000000000000
Adsorbate-atom-scaling:  145 0     1.000000000000
Adsorbate-atom-scaling:  146 0     1.000000000000
Adsorbate-atom-scaling:  147 0     1.000000000000
Adsorbate-atom-scaling:  148 0     1.000000000000
Adsorbate-atom-scaling:  149 0     1.000000000000
Adsorbate-atom-scaling:  150 0     1.000000000000
Adsorbate-atom-scaling:  151 0     1.000000000000
Adsorbate-atom-scaling:  152 0     1.000000000000
Adsorbate-atom-scaling:  153 0     1.000000000000
Adsorbate-atom-scaling:  154 0     1.000000000000
Adsorbate-atom-scaling:  155 0     1.000000000000
Adsorbate-atom-scaling:  156 0     1.000000000000
Adsorbate-atom-scaling:  157 0     1.000000000000
Adsorbate-atom-scaling:  158 0     1.000000000000
Adsorbate-atom-scaling:  159 0     1.000000000000
Adsorbate-atom-scaling:  160 0     1.000000000000
Adsorbate-atom-scaling:  161 0     1.000000000000
Adsorbate-atom-scaling:  162 0     1.000000000000
Adsorbate-atom-scaling:  163 0     1.000000000000
Adsorbate-atom-scaling:  164 0     1.000000000000
Adsorbate-atom-scaling:  165 0     1.000000000000
Adsorbate-atom-scaling:  166 0     1.000000000000
Adsorbate-atom-scaling:  167 0     1.000000000000
Adsorbate-atom-scaling:  168 0     1.000000000000
Adsorbate-atom-scaling:  169 0     1.000000000000
Adsorbate-atom-scaling:  170 0     1.000000000000
Adsorbate-atom-scaling:  171 0     1.000000000000
Adsorbate-atom-scaling:  172 0     1.000000000000
Adsorbate-atom-scaling:  173 0     1.000000000000
Adsorbate-atom-scaling:  174 0     1.000000000000
Adsorbate-atom-scaling:  175 0     1.000000000000
Adsorbate-atom-scaling:  176 0     1.000000000000
Adsorbate-atom-scaling:  177 0     1.000000000000
Adsorbate-atom-scaling:  178 0     1.000000000000
Adsorbate-atom-scaling:  179 0     1.000000000000
Adsorbate-atom-scaling:  180 0     1.000000000000
Adsorbate-atom-scaling:  181 0     1.000000000000
Adsorbate-atom-scaling:  182 0     1.000000000000
Adsorbate-atom-scaling:  183 0     1.000000000000
Adsorbate-atom-scaling:  184 0     1.000000000000
Adsorbate-atom-scaling:  185 0     1.000000000000
Adsorbate-atom-scaling:  186 0     1.000000000000
Adsorbate-atom-scaling:  187 0     1.000000000000
Adsorbate-atom-scaling:  188 0     1.000000000000
Adsorbate-atom-scaling:  189 0     1.000000000000
Adsorbate-atom-scaling:  190 0     1.000000000000
Adsorbate-atom-scaling:  191 0     1.000000000000
Adsorbate-atom-scaling:  192 0     1.000000000000
Adsorbate-atom-scaling:  193 0     1.000000000000
Adsorbate-atom-scaling:  194 0     1.000000000000
Adsorbate-atom-scaling:  195 0     1.000000000000
Adsorbate-atom-scaling:  196 0     1.000000000000
Adsorbate-atom-scaling:  197 0     1.000000000000
Adsorbate-atom-scaling:  198 0     1.000000000000
Adsorbate-atom-scaling:  199 0     1.000000000000
Adsorbate-atom-fixed:    0 0       0 0 0
Adsorbate-atom-fixed:    1 0       0 0 0
Adsorbate-atom-fixed:    2 0       0 0 0
Adsorbate-atom-fixed:    3 0       0 0 0
Adsorbate-atom-fixed:    4 0       0 0 0
Adsorbate-atom-fixed:    5 0       0 0 0
Adsorbate-atom-fixed:    6 0       0 0 0
Adsorbate-atom-fixed:    7 0       0 0 0
Adsorbate-atom-fixed:    8 0       0 0 0
Adsorbate-atom-fixed:    9 0       0 0 0
Adsorbate-atom-fixed:    10 0       0 0 0
Adsorbate-atom-fixed:    11 0       0 0 0
Adsorbate-atom-fixed:    12 0       0 0 0
Adsorbate-atom-fixed:    13 0       0 0 0
Adsorbate-atom-fixed:    14 0       0 0 0
Adsorbate-atom-fixed:    15 0       0 0 0
Adsorbate-atom-fixed:    16 0       0 0 0
Adsorbate-atom-fixed:    17 0       0 0 0
Adsorbate-atom-fixed:    18 0       0 0 0
Adsorbate-atom-fixed:    19 0       0 0 0
Adsorbate-atom-fixed:    20 0       0 0 0
Adsorbate-atom-fixed:    21 0       0 0 0
Adsorbate-atom-fixed:    22 0       0 0 0
Adsorbate-atom-fixed:    23 0       0 0 0
Adsorbate-atom-fixed:    24 0       0 0 0
Adsorbate-atom-fixed:    25 0       0 0 0
Adsorbate-atom-fixed:    26 0       0 0 0
Adsorbate-atom-fixed:    27 0       0 0 0
Adsorbate-atom-fixed:    28 0       0 0 0
Adsorbate-atom-fixed:    29 0       0 0 0
Adsorbate-atom-fixed:    30 0       0 0 0
Adsorbate-atom-fixed:    31 0       0 0 0
Adsorbate-atom-fixed:    32 0       0 0 0
Adsorbate-atom-fixed:    33 0       0 0 0
Adsorbate-atom-fixed:    34 0       0 0 0
Adsorbate-atom-fixed:    35 0       0 0 0
Adsorbate-atom-fixed:    36 0       0 0 0
Adsorbate-atom-fixed:    37 0       0 0 0
Adsorbate-atom-fixed:    38 0       0 0 0
Adsorbate-atom-fixed:    39 0       0 0 0
Adsorbate-atom-fixed:    40 0       0 0 0
Adsorbate-atom-fixed:    41 0       0 0 0
Adsorbate-atom-fixed:    42 0       0 0 0
Adsorbate-atom-fixed:    43 0       0 0 0
Adsorbate-atom-fixed:    44 0       0 0 0
Adsorbate-atom-fixed:    45 0       0 0 0
Adsorbate-atom-fixed:    46 0       0 0 0
Adsorbate-atom-fixed:    47 0       0 0 0
Adsorbate-atom-fixed:    48 0       0 0 0
Adsorbate-atom-fixed:    49 0       0 0 0
Adsorbate-atom-fixed:    50 0       0 0 0
Adsorbate-atom-fixed:    51 0       0 0 0
Adsorbate-atom-fixed:    52 0       0 0 0
Adsorbate-atom-fixed:    53 0       0 0 0
Adsorbate-atom-fixed:    54 0       0 0 0
Adsorbate-atom-fixed:    55 0       0 0 0
Adsorbate-atom-fixed:    56 0       0 0 0
Adsorbate-atom-fixed:    57 0       0 0 0
Adsorbate-atom-fixed:    58 0       0 0 0
Adsorbate-atom-fixed:    59 0       0 0 0
Adsorbate-atom-fixed:    60 0       0 0 0
Adsorbate-atom-fixed:    61 0       0 0 0
Adsorbate-atom-fixed:    62 0       0 0 0
Adsorbate-atom-fixed:    63 0       0 0 0
Adsorbate-atom-fixed:    64 0       0 0 0
Adsorbate-atom-fixed:    65 0       0 0 0
Adsorbate-atom-fixed:    66 0       0 0 0
Adsorbate-atom-fixed:    67 0       0 0 0
Adsorbate-atom-fixed:    68 0       0 0 0
Adsorbate-atom-fixed:    69 0       0 0 0
Adsorbate-atom-fixed:    70 0       0 0 0
Adsorbate-atom-fixed:    71 0       0 0 0
Adsorbate-atom-fixed:    72 0       0 0 0
Adsorbate-atom-fixed:    73 0       0 0 0
Adsorbate-atom-fixed:    74 0       0 0 0
Adsorbate-atom-fixed:    75 0       0 0 0
Adsorbate-atom-fixed:    76 0       0 0 0
Adsorbate-atom-fixed:    77 0       0 0 0
Adsorbate-atom-fixed:    78 0       0 0 0
Adsorbate-atom-fixed:    79 0       0 0 0
Adsorbate-atom-fixed:    80 0       0 0 0
Adsorbate-atom-fixed:    81 0       0 0 0
Adsorbate-atom-fixed:    82 0       0 0 0
Adsorbate-atom-fixed:    83 0       0 0 0
Adsorbate-atom-fixed:    84 0       0 0 0
Adsorbate-atom-fixed:    85 0       0 0 0
Adsorbate-atom-fixed:    86 0       0 0 0
Adsorbate-atom-fixed:    87 0       0 0 0
Adsorbate-atom-fixed:    88 0       0 0 0
Adsorbate-atom-fixed:    89 0       0 0 0
Adsorbate-atom-fixed:    90 0       0 0 0
Adsorbate-atom-fixed:    91 0       0 0 0
Adsorbate-atom-fixed:    92 0       0 0 0
Adsorbate-atom-fixed:    93 0       0 0 0
Adsorbate-atom-fixed:    94 0       0 0 0
Adsorbate-atom-fixed:    95 0       0 0 0
Adsorbate-atom-fixed:    96 0       0 0 0
Adsorbate-atom-fixed:    97 0       0 0 0
Adsorbate-atom-fixed:    98 0       0 0 0
Adsorbate-atom-fixed:    99 0       0 0 0
Adsorbate-atom-fixed:    100 0       0 0 0
Adsorbate-atom-fixed:    101 0       0 0 0
Adsorbate-atom-fixed:    102 0       0 0 0
Adsorbate-atom-fixed:    103 0       0 0 0
Adsorbate-atom-fixed:    104 0       0 0 0
Adsorbate-atom-fixed:    105 0       0 0 0
Adsorbate-atom-fixed:    106 0       0 0 0
Adsorbate-atom-fixed:    107 0       0 0 0
Adsorbate-atom-fixed:    108 0       0 0 0
Adsorbate-atom-fixed:    109 0       0 0 0
Adsorbate-atom-fixed:    110 0       0 0 0
Adsorbate-atom-fixed:    111 0       0 0 0
Adsorbate-atom-fixed:    112 0       0 0 0
Adsorbate-atom-fixed:    113 0       0 0 0
Adsorbate-atom-fixed:    114 0       0 0 0
Adsorbate-atom-fixed:    115 0       0 0 0
Adsorbate-atom-fixed:    116 0       0 0 0
Adsorbate-atom-fixed:    117 0       0 0 0
Adsorbate-atom-fixed:    118 0       0 0 0
Adsorbate-atom-fixed:    119 0       0 0 0
Adsorbate-atom-fixed:    120 0       0 0 0
Adsorbate-atom-fixed:    121 0       0 0 0
Adsorbate-atom-fixed:    122 0       0 0 0
Adsorbate-atom-fixed:    123 0       0 0 0
Adsorbate-atom-fixed:    124 0       0 0 0
Adsorbate-atom-fixed:    125 0       0 0 0
Adsorbate-atom-fixed:    126 0       0 0 0
Adsorbate-atom-fixed:    127 0       0 0 0
Adsorbate-atom-fixed:    128 0       0 0 0
Adsorbate-atom-fixed:    129 0       0 0 0
Adsorbate-atom-fixed:    130 0       0 0 0
Adsorbate-atom-fixed:    131 0       0 0 0
Adsorbate-atom-fixed:    132 0       0 0 0
Adsorbate-atom-fixed:    133 0       0 0 0
Adsorbate-atom-fixed:    134 0       0 0 0
Adsorbate-atom-fixed:    135 0       0 0 0
Adsorbate-atom-fixed:    136 0       0 0 0
Adsorbate-atom-fixed:    137 0       0 0 0
Adsorbate-atom-fixed:    138 0       0 0 0
Adsorbate-atom-fixed:    139 0       0 0 0
Adsorbate-atom-fixed:    140 0       0 0 0
Adsorbate-atom-fixed:    141 0       0 0 0
Adsorbate-atom-fixed:    142 0       0 0 0
Adsorbate-atom-fixed:    143 0       0 0 0
Adsorbate-atom-fixed:    144 0       0 0 0
Adsorbate-atom-fixed:    145 0       0 0 0
Adsorbate-atom-fixed:    146 0       0 0 0
Adsorbate-atom-fixed:    147 0       0 0 0
Adsorbate-atom-fixed:    148 0       0 0 0
Adsorbate-atom-fixed:    149 0       0 0 0
Adsorbate-atom-fixed:    150 0       0 0 0
Adsorbate-atom-fixed:    151 0       0 0 0
Adsorbate-atom-fixed:    152 0       0 0 0
Adsorbate-atom-fixed:    153 0       0 0 0
Adsorbate-atom-fixed:    154 0       0 0 0
Adsorbate-atom-fixed:    155 0       0 0 0
Adsorbate-atom-fixed:    156 0       0 0 0
Adsorbate-atom-fixed:    157 0       0 0 0
Adsorbate-atom-fixed:    158 0       0 0 0
Adsorbate-atom-fixed:    159 0       0 0 0
Adsorbate-atom-fixed:    160 0       0 0 0
Adsorbate-atom-fixed:    161 0       0 0 0
Adsorbate-atom-fixed:    162 0       0 0 0
Adsorbate-atom-fixed:    163 0       0 0 0
Adsorbate-atom-fixed:    164 0       0 0 0
Adsorbate-atom-fixed:    165 0       0 0 0
Adsorbate-atom-fixed:    166 0       0 0 0
Adsorbate-atom-fixed:    167 0       0 0 0
Adsorbate-atom-fixed:    168 0       0 0 0
Adsorbate-atom-fixed:    169 0       0 0 0
Adsorbate-atom-fixed:    170 0       0 0 0
Adsorbate-atom-fixed:    171 0       0 0 0
Adsorbate-atom-fixed:    172 0       0 0 0
Adsorbate-atom-fixed:    173 0       0 0 0
Adsorbate-atom-fixed:    174 0       0 0 0
Adsorbate-atom-fixed:    175 0       0 0 0
Adsorbate-atom-fixed:    176 0       0 0 0
Adsorbate-atom-fixed:    177 0       0 0 0
Adsorbate-atom-fixed:    178 0       0 0 0
Adsorbate-atom-fixed:    179 0       0 0 0
Adsorbate-atom-fixed:    180 0       0 0 0
Adsorbate-atom-fixed:    181 0       0 0 0
Adsorbate-atom-fixed:    182 0       0 0 0
Adsorbate-atom-fixed:    183 0       0 0 0
Adsorbate-atom-fixed:    184 0       0 0 0
Adsorbate-atom-fixed:    185 0       0 0 0
Adsorbate-atom-fixed:    186 0       0 0 0
Adsorbate-atom-fixed:    187 0       0 0 0
Adsorbate-atom-fixed:    188 0       0 0 0
Adsorbate-atom-fixed:    189 0       0 0 0
Adsorbate-atom-fixed:    190 0       0 0 0
Adsorbate-atom-fixed:    191 0       0 0 0
Adsorbate-atom-fixed:    192 0       0 0 0
Adsorbate-atom-fixed:    193 0       0 0 0
Adsorbate-atom-fixed:    194 0       0 0 0
Adsorbate-atom-fixed:    195 0       0 0 0
Adsorbate-atom-fixed:    196 0       0 0 0
Adsorbate-atom-fixed:    197 0       0 0 0
Adsorbate-atom-fixed:    198 0       0 0 0
Adsorbate-atom-fixed:    199 0       0 0 0


