Cell info:
========================================================================
number-of-unit-cells: 2 2 2
unit-cell-vector-a:    26.343000000000     0.000000000000     0.000000000000
unit-cell-vector-b:     0.000000000000    26.343000000000     0.000000000000
unit-cell-vector-c:     0.000000000000     0.000000000000    26.343000000000

cell-vector-a:    52.686000000000     0.000000000000     0.000000000000
cell-vector-b:     0.000000000000    52.686000000000     0.000000000000
cell-vector-c:     0.000000000000     0.000000000000    52.686000000000

cell-lengths:    26.343000000000    26.343000000000    26.343000000000
cell-angles:    90.000000000000    90.000000000000    90.000000000000


Maximum changes for MC-moves:
========================================================================
Maximum-volume-change: 0.000500
Maximum-Gibbs-volume-change: 0.000500
Maximum-box-shape-change: 0.100000 0.100000 0.100000, 0.100000 0.100000 0.100000, 0.100000 0.100000 0.100000


Acceptance targets for MC-moves:
========================================================================
Target-volume-change: 0.500000
Target-box-shape-change: 0.500000
Target-Gibbs-volume-change: 0.500000


Components: 1 (Adsorbates 205, Cations 0)
========================================================================
Component 0 (argon)
	Fractional-molecule-id component 0: -1
	Lambda-factors component 0:  0.000000
	Number-of-biasing-factors component 0: 21
	Biasing-factors component 0:  0.000000 0.000000 0.000000 0.000000 0.000000 0.000000 0.000000 0.000000 0.000000 0.000000 0.000000 0.000000 0.000000 0.000000 0.000000 0.000000 0.000000 0.000000 0.000000 0.000000 0.000000
	Maximum-CF-Lambda-change component 0: 0.500000
	Maximum-CBCF-Lambda-change component 0: 0.500000

	Maximum-translation-change component 0: 0.353251,0.352809,0.349437
	Maximum-translation-in-plane-change component 0: 0.000000,0.000000,0.000000
	Maximum-rotation-change component 0: 0.017453 0.017453 0.017453

Reactions: 0

Component: 0     Adsorbate    205 molecules of argon
------------------------------------------------------------------------
Adsorbate-atom-position: 0 0    35.596909408578    43.825088333485    48.634669756598
Adsorbate-atom-position: 1 0    31.356120235182     5.147017222746    31.412759743559
Adsorbate-atom-position: 2 0    47.891232071535    17.970062043646     8.657108238204
Adsorbate-atom-position: 3 0    17.286965549434     4.240553839680    43.680827149539
Adsorbate-atom-position: 4 0    34.605905267646    31.524189043812    34.437109786173
Adsorbate-atom-position: 5 0    43.723061184057    17.625428991402     4.715378075888
Adsorbate-atom-position: 6 0    48.037127045101     4.603612838118    21.933004075947
Adsorbate-atom-position: 7 0    46.857524404865    44.743315566286    18.961443087016
Adsorbate-atom-position: 8 0    20.636260731586    46.998027186408    20.776698303226
Adsorbate-atom-position: 9 0    34.655429852933     8.219332395930    31.087713592203
Adsorbate-atom-position: 10 0    46.251657759355    19.701200518147    18.790968314726
Adsorbate-atom-position: 11 0    21.769144002997    43.805497553872    17.591730087526
Adsorbate-atom-position: 12 0     4.805415654505     4.873945585077    31.110474766411
Adsorbate-atom-position: 13 0     4.412551605423    17.183237448881     8.874112422837
Adsorbate-atom-position: 14 0    19.617824784766    46.424139410855     6.682028846108
Adsorbate-atom-position: 15 0    34.428803374992    17.951887326705    21.348707652707
Adsorbate-atom-position: 16 0    20.919194132098    47.455690028051    47.300137222370
Adsorbate-atom-position: 17 0    46.305688093292    20.101003705173    32.143397066341
Adsorbate-atom-position: 18 0     9.860019457873     3.815098602764    35.474723713649
Adsorbate-atom-position: 19 0    43.321614920204     9.347000219435    30.350857544594
Adsorbate-atom-position: 20 0    44.548612038818    30.957706206749    34.717641892232
Adsorbate-atom-position: 21 0    34.826985388462    31.161930607056    17.909536855216
Adsorbate-atom-position: 22 0     9.268289112376    35.523984757530    22.296006545146
Adsorbate-atom-position: 23 0    22.147315790165    21.844264476093    48.667083966706
Adsorbate-atom-position: 24 0     7.688270915022    18.197732215064    47.241521198230
Adsorbate-atom-position: 25 0    18.922513769543     6.410427909090     7.189407487541
Adsorbate-atom-position: 26 0    34.911083247276    44.351793680695    21.975487448878
Adsorbate-atom-position: 27 0    18.073352207011     5.017923925357    34.850972494212
Adsorbate-atom-position: 28 0    31.983399169094    31.857308139799    20.871833526185
Adsorbate-atom-position: 29 0     4.983243506979    18.332300601045    34.429986266547
Adsorbate-atom-position: 30 0    48.894969048105     3.924528047750    30.699754718309
Adsorbate-atom-position: 31 0    47.300827252906    45.694117826571     6.939507711773
Adsorbate-atom-position: 32 0    32.564284730329    33.238546709382     6.504685911340
Adsorbate-atom-position: 33 0    21.779296744193    35.044560570673    34.756231966913
Adsorbate-atom-position: 34 0    30.668007404244    48.620067210210    30.716998503862
Adsorbate-atom-position: 35 0     6.956496762683    33.952379469398    46.641647931245
Adsorbate-atom-position: 36 0    21.948579842744    30.534692194296     4.312233148290
Adsorbate-atom-position: 37 0    45.782263134119    33.364405769793    32.849705103482
Adsorbate-atom-position: 38 0    30.204723722557    48.150149816623    48.793495325812
Adsorbate-atom-position: 39 0     4.474650595950    34.955356385627    43.646687843727
Adsorbate-atom-position: 40 0    35.844097143694    35.321139273059    22.160703814943
Adsorbate-atom-position: 41 0     4.429094651631    42.620750114961     9.851076263463
Adsorbate-atom-position: 42 0    35.160983740864    43.714722389175    30.591379602240
Adsorbate-atom-position: 43 0    35.667113157060    48.256219183942    17.184447343877
Adsorbate-atom-position: 44 0    48.564847073150     8.901436667539    17.565636108656
Adsorbate-atom-position: 45 0    43.771523657345     4.342742777183    43.861332701581
Adsorbate-atom-position: 46 0    21.969704988999    21.956076325588     4.655512647942
Adsorbate-atom-position: 47 0    34.508236520024     5.079662958131     8.203544423862
Adsorbate-atom-position: 48 0     6.143194514867    20.000162178746    18.938700133425
Adsorbate-atom-position: 49 0    48.200470932066     4.858352160113     4.789010732959
Adsorbate-atom-position: 50 0    45.460673295644     5.701236114155     7.189887152420
Adsorbate-atom-position: 51 0    44.560703148738    44.142628160998    48.112132416095
Adsorbate-atom-position: 52 0    30.611791136561    17.580706523262    34.960014112230
Adsorbate-atom-position: 53 0    17.417219334513    34.992782399608    48.612628937357
Adsorbate-atom-position: 54 0    44.106019233266    43.756746197972    30.607237811865
Adsorbate-atom-position: 55 0     4.618694317128     8.648312114728    44.110629913266
Adsorbate-atom-position: 56 0    17.577902616927    44.074628626295     4.516649643131
Adsorbate-atom-position: 57 0     5.604758252830     5.783081064822    46.465863954979
Adsorbate-atom-position: 58 0    47.808203032686    34.777842310854    17.804408118928
Adsorbate-atom-position: 59 0    43.931154431427    30.589911631314    43.650547827692
Adsorbate-atom-position: 60 0    43.375917872397     8.689760194186    48.195430156532
Adsorbate-atom-position: 61 0     6.749236092806    33.333293678055     6.453803083632
Adsorbate-atom-position: 62 0    48.844864215026    17.522023194897    17.563725509637
Adsorbate-atom-position: 63 0     8.696774495214    48.365736987574    16.948338310874
Adsorbate-atom-position: 64 0    20.468812285781    18.989422351536     7.469517324456
Adsorbate-atom-position: 65 0     5.082013862012     7.760112580351    18.444695653372
Adsorbate-atom-position: 66 0    17.773450634709    48.022955549723    35.239413151738
Adsorbate-atom-position: 67 0    33.428850277229    20.323245514837    18.800269543104
Adsorbate-atom-position: 68 0    33.341401253541    45.728766176987     7.151928193223
Adsorbate-atom-position: 69 0    21.738148545915     4.372329735763     4.554192558670
Adsorbate-atom-position: 70 0    43.714769093956    35.230332482169     4.378981396644
Adsorbate-atom-position: 71 0    18.694521666809    47.164350515826    44.551776174495
Adsorbate-atom-position: 72 0    46.676576569582    31.686222737581    19.976274951041
Adsorbate-atom-position: 73 0    32.305622630123     6.797233535386    19.337833920617
Adsorbate-atom-position: 74 0     6.016233878293    45.656582887451     7.597296438063
Adsorbate-atom-position: 75 0    19.353949875070    19.039718307567    20.206116539856
Adsorbate-atom-position: 76 0    19.967060198360     6.287901871803    45.772293860153
Adsorbate-atom-position: 77 0     6.273591319022    46.147784126297    32.025861926254
Adsorbate-atom-position: 78 0    33.319919593967    46.650556062186    19.407743370065
Adsorbate-atom-position: 79 0    21.470516378546     8.236114571208    18.122494170582
Adsorbate-atom-position: 80 0     6.346639634833    46.725679912382    19.333648988700
Adsorbate-atom-position: 81 0     8.624376076095    17.231232112989     4.790826753725
Adsorbate-atom-position: 82 0    18.931877102241    19.466349067213    32.432953951682
Adsorbate-atom-position: 83 0    46.335621934874     6.456413592472    19.246797577424
Adsorbate-atom-position: 84 0    17.355587949373     8.626358427956    48.487066002052
Adsorbate-atom-position: 85 0    21.892186756024    21.962727603374    21.782480412854
Adsorbate-atom-position: 86 0     5.120606524223     5.387498142952    20.957234617710
Adsorbate-atom-position: 87 0    30.895198046486    44.035541713482    17.434446721137
Adsorbate-atom-position: 88 0    16.867504240120    22.293304376271    35.264258254412
Adsorbate-atom-position: 89 0     6.434063276928    19.805596311176     7.425080086941
Adsorbate-atom-position: 90 0     8.116369354508    20.972440616529    44.486002726121
Adsorbate-atom-position: 91 0     5.420689698839    18.687527140006    44.792029991860
Adsorbate-atom-position: 92 0    31.226638874246    30.699620985949    31.159724493418
Adsorbate-atom-position: 93 0    43.411052832685    48.415047887916    35.485602607935
Adsorbate-atom-position: 94 0    30.900301936319    30.944113431798    48.081823510991
Adsorbate-atom-position: 95 0     6.452066166847     6.924206519861     5.854171057345
Adsorbate-atom-position: 96 0     7.126067839164     6.230924275876    33.741677050342
Adsorbate-atom-position: 97 0    33.040329398194    46.132382916906    33.942615654487
Adsorbate-atom-position: 98 0    44.021740836742    22.677299862752    43.224223963984
Adsorbate-atom-position: 99 0    17.606059114088    43.542129424948    30.547182434344
Adsorbate-atom-position: 100 0     8.458815944670    47.556216667425    34.427431048479
Adsorbate-atom-position: 101 0    30.758577849431    44.056995174612     9.006238916584
Adsorbate-atom-position: 102 0    21.925031827199     8.554387823267     8.669243491346
Adsorbate-atom-position: 103 0    43.904361191978     4.101888145187    35.084034308109
Adsorbate-atom-position: 104 0    35.082521692682    30.681736769299    43.801243054471
Adsorbate-atom-position: 105 0     7.652081534164    31.707551294251    33.944716151472
Adsorbate-atom-position: 106 0    46.040867734543     6.960868095206    46.708121985581
Adsorbate-atom-position: 107 0     8.493695199924     8.604125753352    30.912222583882
Adsorbate-atom-position: 108 0    33.144097888160    45.624505313310    46.847709629111
Adsorbate-atom-position: 109 0    44.328176657449     8.443347928367    21.944054910201
Adsorbate-atom-position: 110 0     7.579544714488    46.603156771709    45.694453135386
Adsorbate-atom-position: 111 0    21.488052388048     4.982344395758    31.460701406916
Adsorbate-atom-position: 112 0    44.432080696407    35.057078174929    21.533307291068
Adsorbate-atom-position: 113 0    22.241309973725    48.991101512497    30.646393258576
Adsorbate-atom-position: 114 0    32.033775749383    33.971686512868    33.848221129088
Adsorbate-atom-position: 115 0     4.551630066320    48.533155697252    48.175525979913
Adsorbate-atom-position: 116 0    39.147645584570    16.533097098314    41.782929698966
Adsorbate-atom-position: 117 0    35.318132510904    44.312450034745     4.513704403382
Adsorbate-atom-position: 118 0    45.942855311351    33.552235660270    46.532738559423
Adsorbate-atom-position: 119 0     5.371479560355    20.996018819633    47.465982004174
Adsorbate-atom-position: 120 0    45.944465697599     6.734581247334    32.627346356805
Adsorbate-atom-position: 121 0    21.822571233189    44.149088686483     8.427349344064
Adsorbate-atom-position: 122 0     4.397530418736    48.594272009353    22.374665182836
Adsorbate-atom-position: 123 0    18.115863648039    18.329382602112     4.747703040023
Adsorbate-atom-position: 124 0    32.463946943015    19.082531904736    45.784526240899
Adsorbate-atom-position: 125 0    30.284604671923    17.217585980828     8.817685286611
Adsorbate-atom-position: 126 0    43.873127844615    48.259281340784    17.555967117470
Adsorbate-atom-position: 127 0    48.261036256232    30.230924474001    48.294685933136
Adsorbate-atom-position: 128 0    32.654162914472    19.087237930224     6.940984817001
Adsorbate-atom-position: 129 0    26.276842412504    16.007714464503     9.587435660388
Adsorbate-atom-position: 130 0    32.398942286626    32.734324662395    45.512921027610
Adsorbate-atom-position: 131 0    18.249793581829    44.596094725786    21.432397266282
Adsorbate-atom-position: 132 0    17.810740617263    48.163879934651    17.766991191047
Adsorbate-atom-position: 133 0    30.457639531568     8.834544470006    17.382734570266
Adsorbate-atom-position: 134 0     4.104403458015    48.282749856457    30.147273322929
Adsorbate-atom-position: 135 0     8.920523773776    48.045966177014     8.433611421424
Adsorbate-atom-position: 136 0     6.544386134516    33.613702159043    19.844544629846
Adsorbate-atom-position: 137 0    34.603819939139    47.822801375897    44.506228042634
Adsorbate-atom-position: 138 0     8.255914365356    44.663108403876     5.330799347710
Adsorbate-atom-position: 139 0    34.355072939681     5.293414377854    34.200362869237
Adsorbate-atom-position: 140 0    21.253039273041    44.473543732892    44.548321636390
Adsorbate-atom-position: 141 0     8.928221702020    21.841473528508    34.762635238026
Adsorbate-atom-position: 142 0    45.839815617167    20.023622447944     5.717349950941
Adsorbate-atom-position: 143 0    20.919793615276    19.208266310062    45.647953343324
Adsorbate-atom-position: 144 0    46.269942235627    45.324346986988    33.470205298696
Adsorbate-atom-position: 145 0    17.695541762705    30.661972259739    43.710185263113
Adsorbate-atom-position: 146 0    22.048962895941    17.205902855400    17.398894256645
Adsorbate-atom-position: 147 0    19.654162478924    32.119317977653    19.936873982061
Adsorbate-atom-position: 148 0    18.259219733769     7.636023249177    31.731223630076
Adsorbate-atom-position: 149 0     9.231036959596    30.521518491865     8.801122590433
Adsorbate-atom-position: 150 0    48.267599233370     9.003531126904    35.048046111295
Adsorbate-atom-position: 151 0    35.654083170152    35.135629104969     4.247385271980
Adsorbate-atom-position: 152 0    35.619605329685    17.759126135225     4.455285602599
Adsorbate-atom-position: 153 0    33.353519613821    20.091867768673    33.510916222631
Adsorbate-atom-position: 154 0    19.864591021859    32.162166485303    46.926559998698
Adsorbate-atom-position: 155 0    21.868193957124    48.501335211990     4.677408223419
Adsorbate-atom-position: 156 0     4.570391281278    30.386978870625    22.239825042512
Adsorbate-atom-position: 157 0    32.463455560736     6.230992771736    46.874225144659
Adsorbate-atom-position: 158 0    17.139468711338    35.387353921984    22.695769829607
Adsorbate-atom-position: 159 0     8.891979154478    44.282692170292    30.753683102364
Adsorbate-atom-position: 160 0    22.005066125915    30.627457756196    30.481008271067
Adsorbate-atom-position: 161 0    35.038337552584     8.960397710121    48.908628711526
Adsorbate-atom-position: 162 0    30.393957972535    44.126656777747    35.113401484262
Adsorbate-atom-position: 163 0    31.906233792908    34.575602406447    18.587617278124
Adsorbate-atom-position: 164 0    44.466032829701    44.672535398459    21.740676710478
Adsorbate-atom-position: 165 0     4.242429163959     9.165774302151     9.542427939288
Adsorbate-atom-position: 166 0    43.744569220011    48.065178434515    43.927168614933
Adsorbate-atom-position: 167 0    43.995559855431     4.214246678707    17.752455169998
Adsorbate-atom-position: 168 0    31.142869567175    17.866353546463    17.793344088336
Adsorbate-atom-position: 169 0    45.288808778629    20.155784894188    45.892176095176
Adsorbate-atom-position: 170 0    19.300102533773     5.848318497986    19.566662917167
Adsorbate-atom-position: 171 0     4.585151012272     8.809772936373    34.748052143668
Adsorbate-atom-position: 172 0    48.341737881604    31.049321057008    31.202904078970
Adsorbate-atom-position: 173 0    30.907429189562    44.364658034442    44.466871243305
Adsorbate-atom-position: 174 0    46.781407509511    32.891553040141     6.337619010486
Adsorbate-atom-position: 175 0     6.015856372004    20.502969693991    31.909732630017
Adsorbate-atom-position: 176 0    34.742850815211     4.637399981575    17.784537256116
Adsorbate-atom-position: 177 0    46.862333099307    45.962149669724    45.402054350874
Adsorbate-atom-position: 178 0     3.881900626910    21.997454344578     4.442499908727
Adsorbate-atom-position: 179 0    18.677675163605    31.787198124581    34.244047379862
Adsorbate-atom-position: 180 0    17.970772840140    21.382274000262     8.421734003851
Adsorbate-atom-position: 181 0    44.124555734113    17.543951144372    48.488495730055
Adsorbate-atom-position: 182 0    16.881887180548     8.676288103927     3.574320956157
Adsorbate-atom-position: 183 0    20.707382603133     7.346993717872    34.426366884583
Adsorbate-atom-position: 184 0    18.617563280109    44.632130291719    47.509919832156
Adsorbate-atom-position: 185 0    31.440838951074     8.039568204626    34.284268670206
Adsorbate-atom-position: 186 0    19.677555999312    46.023277443292    32.893399126428
Adsorbate-atom-position: 187 0    22.148169839518     4.219142032509    21.982325989113
Adsorbate-atom-position: 188 0     5.202631974350    47.406626088109     4.778399804990
Adsorbate-atom-position: 189 0    47.413666425809    47.575576484030    21.321707358239
Adsorbate-atom-position: 190 0     8.006680342487     7.903132620291    21.082866581531
Adsorbate-atom-position: 191 0    34.776599397343    34.471741975120    47.837816266246
Adsorbate-atom-position: 192 0    30.394605584126     3.466921699856    48.434096743129
Adsorbate-atom-position: 193 0     4.323217318069    35.020324216385    35.256384562615
Adsorbate-atom-position: 194 0    34.977165194364    22.657759670152    43.892902309961
Adsorbate-atom-position: 195 0    48.543038949151     9.090953612663     8.520336448321
Adsorbate-atom-position: 196 0     4.367407160473    44.161332433054    17.654788803306
Adsorbate-atom-position: 197 0     8.012886453617    31.317642338127    44.659771541219
Adsorbate-atom-position: 198 0    21.938324467916     4.493853892551    48.546611646199
Adsorbate-atom-position: 199 0    43.926487099886    47.654953033002     8.225680962091
Adsorbate-atom-position: 200 0    47.774488192225    48.032823257881    48.437166559423
Adsorbate-atom-position: 201 0    40.755990996988    24.571791932379    45.005147495496
Adsorbate-atom-position: 202 0     9.076769943124    43.532875462955    21.539681298111
Adsorbate-atom-position: 203 0    17.618968867882    35.065232480768     3.721025396628
Adsorbate-atom-position: 204 0    13.463117525843    46.664719321286    14.805026886571
Adsorbate-atom-velocity: 0 0    -1.752032645565    -0.068133414340     0.200958971241
Adsorbate-atom-velocity: 1 0     0.330717958127    -0.893121706267     1.656259707803
Adsorbate-atom-velocity: 2 0    -0.771356457621    -2.608373356237     0.524719085719
Adsorbate-atom-velocity: 3 0    -3.998063943021     0.304422032097     0.060875527290
Adsorbate-atom-velocity: 4 0     0.696379276072     2.049185726213     0.774888520530
Adsorbate-atom-velocity: 5 0    -1.412470119598    -0.873725600628    -0.975970689267
Adsorbate-atom-velocity: 6 0     0.163701037683     1.283880055949    -0.714328860883
Adsorbate-atom-velocity: 7 0    -0.219613963919     1.257181791608     0.429604445716
Adsorbate-atom-velocity: 8 0     1.045509517239    -0.542728447222    -0.541491137397
Adsorbate-atom-velocity: 9 0     2.048938318926     0.959290936346     0.569716009606
Adsorbate-atom-velocity: 10 0    -0.691062017750    -0.137142629795     1.716856557120
Adsorbate-atom-velocity: 11 0     2.084764649517    -0.153907948078    -0.938973546475
Adsorbate-atom-velocity: 12 0     0.581506699612    -1.701414153954    -0.811208360865
Adsorbate-atom-velocity: 13 0    -0.223846506995    -0.719407341610    -0.078282521158
Adsorbate-atom-velocity: 14 0     0.040258534119    -1.407025152101    -1.070110864221
Adsorbate-atom-velocity: 15 0     0.314596737665     0.895672850305    -0.765839625208
Adsorbate-atom-velocity: 16 0     0.885526377780     2.343067096529    -1.157287562030
Adsorbate-atom-velocity: 17 0    -1.402307844475     1.783862129947    -1.139792408737
Adsorbate-atom-velocity: 18 0    -1.487664677089    -1.361214991457    -1.221976821212
Adsorbate-atom-velocity: 19 0    -0.984408258678    -1.292869129626     1.930432235777
Adsorbate-atom-velocity: 20 0    -0.126104899321    -0.309843297559    -2.173611311915
Adsorbate-atom-velocity: 21 0     1.164401406934    -0.189062862959    -0.619609417505
Adsorbate-atom-velocity: 22 0    -0.644501530671     2.430972412716     1.194466445300
Adsorbate-atom-velocity: 23 0    -0.307451687070     1.159380271679     1.048056627802
Adsorbate-atom-velocity: 24 0     1.657649838775    -0.162858628840     2.850634373627
Adsorbate-atom-velocity: 25 0    -0.917663507477    -0.027177870694    -2.725763303421
Adsorbate-atom-velocity: 26 0     1.181727995874     0.202241743898    -0.967270852606
Adsorbate-atom-velocity: 27 0    -0.754802889181     0.850668290378     0.426001559450
Adsorbate-atom-velocity: 28 0     0.678352430435     0.211393979345     1.132275378201
Adsorbate-atom-velocity: 29 0    -2.284885420645     0.581980048862    -0.351085736496
Adsorbate-atom-velocity: 30 0     0.536895269050     1.094783739848    -0.573238750019
Adsorbate-atom-velocity: 31 0     0.696120863383    -1.712308072245     1.092594765976
Adsorbate-atom-velocity: 32 0    -0.191227555574    -1.344314624279     1.503230731895
Adsorbate-atom-velocity: 33 0     0.921550358501     1.557705545286    -2.155627418236
Adsorbate-atom-velocity: 34 0    -0.435146544436     0.990421464018    -1.378082587504
Adsorbate-atom-velocity: 35 0     1.046699781612    -0.848818853421     0.522835332526
Adsorbate-atom-velocity: 36 0     1.967641378117     1.561050506150    -0.327147129667
Adsorbate-atom-velocity: 37 0    -0.379483945609     0.295228844418     3.177671136000
Adsorbate-atom-velocity: 38 0     0.871922325586     1.833041349771    -0.567561308329
Adsorbate-atom-velocity: 39 0     0.442224250931     0.163339372390     1.269771731170
Adsorbate-atom-velocity: 40 0    -0.797961244909    -0.298909520958    -0.319078589312
Adsorbate-atom-velocity: 41 0    -0.730450933573    -1.170991705553     0.154880920798
Adsorbate-atom-velocity: 42 0     0.585207568906     1.144477008400     0.984863032037
Adsorbate-atom-velocity: 43 0     0.132386555531     0.317445284124     0.839506503962
Adsorbate-atom-velocity: 44 0    -1.645063050811     1.036421203435     2.207083605055
Adsorbate-atom-velocity: 45 0     0.054241370792    -0.990801653316    -1.215665482491
Adsorbate-atom-velocity: 46 0     0.428030422948     0.429536375600    -0.602138343069
Adsorbate-atom-velocity: 47 0     0.043953146431     0.269046009358     1.250489573584
Adsorbate-atom-velocity: 48 0     0.359941638314     0.318728204488    -2.101137160235
Adsorbate-atom-velocity: 49 0     0.936269350633    -0.045128455753     0.232909837396
Adsorbate-atom-velocity: 50 0    -0.759388569083    -2.075134574279     0.738094899814
Adsorbate-atom-velocity: 51 0    -1.058465940450     2.196533163642    -1.422773185186
Adsorbate-atom-velocity: 52 0    -1.111614019313     1.073870975121    -0.084522304390
Adsorbate-atom-velocity: 53 0    -3.188989468049    -0.932334607400     1.695685356888
Adsorbate-atom-velocity: 54 0     0.955589753828    -0.621268981248    -0.906682192634
Adsorbate-atom-velocity: 55 0    -1.411256888391    -1.098877713596     0.609419423673
Adsorbate-atom-velocity: 56 0     1.579587298062     0.295736078309    -1.121580436499
Adsorbate-atom-velocity: 57 0     2.915624176656     0.125617692452     0.140941159270
Adsorbate-atom-velocity: 58 0    -1.621974694496    -1.472578239342    -2.846011272927
Adsorbate-atom-velocity: 59 0     0.984295235844    -0.755380329269    -0.368093928392
Adsorbate-atom-velocity: 60 0    -0.128684037480    -0.641199715920     0.871462841926
Adsorbate-atom-velocity: 61 0    -0.579271547323     0.059504011420    -2.823395744651
Adsorbate-atom-velocity: 62 0    -1.171511427265     0.136263214268     0.747943316156
Adsorbate-atom-velocity: 63 0    -1.062711222879    -0.119819512047    -0.715352422116
Adsorbate-atom-velocity: 64 0    -3.606529584827    -0.244165698296     0.770995903938
Adsorbate-atom-velocity: 65 0     1.597544027505    -1.155808060211    -1.880851981835
Adsorbate-atom-velocity: 66 0    -0.799743690839     1.451146372497     0.189768925787
Adsorbate-atom-velocity: 67 0    -0.972801586143     3.127333198710    -0.698616396319
Adsorbate-atom-velocity: 68 0    -2.545102848724     1.234047583588    -0.453949404711
Adsorbate-atom-velocity: 69 0     0.141940681063     1.442824169701    -1.241555633110
Adsorbate-atom-velocity: 70 0     1.427777855016     1.384439987038     0.844961070393
Adsorbate-atom-velocity: 71 0    -1.217230689028     1.359731450910    -0.237902377008
Adsorbate-atom-velocity: 72 0    -0.917848224711    -1.550643330553     2.752034139332
Adsorbate-atom-velocity: 73 0     1.016161994438     3.118463941505     0.267740942960
Adsorbate-atom-velocity: 74 0     1.081640053281    -0.971883850226     0.169274973445
Adsorbate-atom-velocity: 75 0     0.762282671395    -1.152003863140     1.307651633227
Adsorbate-atom-velocity: 76 0     0.437822888869    -1.189452935604    -0.626939943602
Adsorbate-atom-velocity: 77 0     2.040782663917     0.980044234688    -0.824687521475
Adsorbate-atom-velocity: 78 0    -1.909035047778     0.257763771218    -1.661320854425
Adsorbate-atom-velocity: 79 0    -0.581440529584    -0.291572500970    -0.584570409441
Adsorbate-atom-velocity: 80 0     0.906792736603    -0.212114601231     1.719876043388
Adsorbate-atom-velocity: 81 0     0.256010851914     0.822128917472    -0.680311838745
Adsorbate-atom-velocity: 82 0    -1.298244999250    -1.185838428454     2.044010224757
Adsorbate-atom-velocity: 83 0    -0.954107471196     2.887865596729    -0.011151904504
Adsorbate-atom-velocity: 84 0    -0.550675591050    -1.256610942540     2.413601342183
Adsorbate-atom-velocity: 85 0    -1.720380104889     0.378742596423     2.341246287707
Adsorbate-atom-velocity: 86 0     0.020255467097    -0.787966276317    -1.479440534744
Adsorbate-atom-velocity: 87 0     0.946236358116     0.099160286469     1.105377960138
Adsorbate-atom-velocity: 88 0     0.577774768814    -0.786624724270     0.991954452031
Adsorbate-atom-velocity: 89 0    -1.385409804923    -0.249610201067     1.718692741730
Adsorbate-atom-velocity: 90 0     1.291606020898    -0.748252180831     0.611837724089
Adsorbate-atom-velocity: 91 0    -1.492530176009     0.627120394728     0.404699103932
Adsorbate-atom-velocity: 92 0    -1.523352898071    -1.302011355278     1.279723031831
Adsorbate-atom-velocity: 93 0    -1.718389272235     0.198697756863     0.617645484251
Adsorbate-atom-velocity: 94 0    -2.935541291704    -0.875098908910    -2.333730134437
Adsorbate-atom-velocity: 95 0     1.523759657472    -0.837205898303     0.806693031964
Adsorbate-atom-velocity: 96 0     1.662949733455    -0.007320321709     0.258688498629
Adsorbate-atom-velocity: 97 0     1.414204500177    -1.590676933951    -0.555100636588
Adsorbate-atom-velocity: 98 0     0.759370149808     1.321818859064     2.877538851373
Adsorbate-atom-velocity: 99 0     0.659028855211     0.178566926279    -0.427229861495
Adsorbate-atom-velocity: 100 0     0.166283247628     1.471908498317    -0.275264245262
Adsorbate-atom-velocity: 101 0     2.398869195950    -0.653235041511     2.000541484587
Adsorbate-atom-velocity: 102 0    -0.397716620565     0.215174713731     1.757509650656
Adsorbate-atom-velocity: 103 0     0.486707547917     1.394790342483     0.542285301851
Adsorbate-atom-velocity: 104 0     1.860981716152     1.648962835393     2.386091985890
Adsorbate-atom-velocity: 105 0     1.327735132036     0.707052699638    -1.064615449180
Adsorbate-atom-velocity: 106 0     0.629600249851     0.851454950681     3.469250451031
Adsorbate-atom-velocity: 107 0    -0.840988745657    -1.819931770741    -1.259722707850
Adsorbate-atom-velocity: 108 0    -0.955511223245     0.506933957601     1.774408907226
Adsorbate-atom-velocity: 109 0    -1.718193727339     3.457275228301    -0.020099924153
Adsorbate-atom-velocity: 110 0    -1.217306381889    -1.306172521547    -0.976477452263
Adsorbate-atom-velocity: 111 0     0.212862532864    -0.353966459615    -0.325430438480
Adsorbate-atom-velocity: 112 0     0.390639694822     0.178396802318    -0.409007842778
Adsorbate-atom-velocity: 113 0     2.503331978021    -2.489040518841     0.275066648599
Adsorbate-atom-velocity: 114 0    -0.629090104039     1.337122235186    -1.562613683381
Adsorbate-atom-velocity: 115 0     0.705715731607     0.785112805883     1.407009482193
Adsorbate-atom-velocity: 116 0    -0.548270059945    -0.886234450734    -1.155218575623
Adsorbate-atom-velocity: 117 0     0.663304154306    -0.550610864261    -1.137594487216
Adsorbate-atom-velocity: 118 0     1.290946268053     1.581772560522     1.570235861203
Adsorbate-atom-velocity: 119 0    -1.398937560718     0.888469768458     0.569352999943
Adsorbate-atom-velocity: 120 0    -0.153589666767     0.797793873397    -1.247222939245
Adsorbate-atom-velocity: 121 0     0.760391346754    -2.620729268958     0.176462420158
Adsorbate-atom-velocity: 122 0    -0.621484331966     0.010170407988     0.659420981105
Adsorbate-atom-velocity: 123 0    -2.079835523225    -0.614300085733    -1.072115818664
Adsorbate-atom-velocity: 124 0     1.251256773107    -0.729675718978     0.251339358046
Adsorbate-atom-velocity: 125 0     0.600394011108     1.832660258696     1.967610259709
Adsorbate-atom-velocity: 126 0     0.836594086867     1.794584819146     0.973632827372
Adsorbate-atom-velocity: 127 0     0.919584533665     0.198331992512     0.280213265677
Adsorbate-atom-velocity: 128 0     2.342956813561     1.262496584248     0.131433219219
Adsorbate-atom-velocity: 129 0     0.866730265175    -2.387842164686    -1.919456519639
Adsorbate-atom-velocity: 130 0     0.313144760858    -0.779774006070    -1.581945589237
Adsorbate-atom-velocity: 131 0    -1.219364385701     0.232024206829     0.520506018067
Adsorbate-atom-velocity: 132 0     4.085897911115    -1.820399243242    -0.834667351306
Adsorbate-atom-velocity: 133 0    -1.950615795006    -2.610438713194    -0.636035491710
Adsorbate-atom-velocity: 134 0    -1.701655292183    -2.288713698873     0.476712933817
Adsorbate-atom-velocity: 135 0     0.115849087253     0.070209045104     0.189746168577
Adsorbate-atom-velocity: 136 0    -2.460897973803     0.685788020298     1.130677791248
Adsorbate-atom-velocity: 137 0     3.166765024301    -2.800940159762     0.024113078284
Adsorbate-atom-velocity: 138 0    -1.144904960521     2.232661441879     0.200822280504
Adsorbate-atom-velocity: 139 0     1.512888212705     1.625225876801     0.347591261422
Adsorbate-atom-velocity: 140 0     0.732522571392     0.736381566120    -1.123393684118
Adsorbate-atom-velocity: 141 0     0.468919416442     0.107534253429     0.882117196743
Adsorbate-atom-velocity: 142 0    -1.711106895164    -1.052780234412    -2.852553328776
Adsorbate-atom-velocity: 143 0    -1.048750713837    -1.018060266942    -1.848631538415
Adsorbate-atom-velocity: 144 0    -1.346171874797    -1.331387527053    -1.786013133132
Adsorbate-atom-velocity: 145 0     3.287821251008    -0.967647785803    -1.276879092049
Adsorbate-atom-velocity: 146 0    -0.522702891038     1.547553131175    -0.427615403472
Adsorbate-atom-velocity: 147 0    -1.036944444815    -0.331334285313     1.517800712269
Adsorbate-atom-velocity: 148 0    -2.672021720922     2.124606932072     0.675303119424
Adsorbate-atom-velocity: 149 0     0.672751045910    -1.663469682378     1.340729054195
Adsorbate-atom-velocity: 150 0     0.404783080429    -2.925875946346     0.053234684040
Adsorbate-atom-velocity: 151 0    -0.837740518755     0.963314457413    -1.404239502044
Adsorbate-atom-velocity: 152 0    -0.288244819926    -0.619596991289    -0.574337543057
Adsorbate-atom-velocity: 153 0    -0.179153600116    -0.862506012085     2.074852684797
Adsorbate-atom-velocity: 154 0    -0.205252307396    -0.770493538398    -1.092125492360
Adsorbate-atom-velocity: 155 0    -1.618330759142    -3.830143574631     1.570142750785
Adsorbate-atom-velocity: 156 0     2.016075888805    -0.270504465507     0.990540158225
Adsorbate-atom-velocity: 157 0    -2.979189491546     2.758681796159     0.489579425419
Adsorbate-atom-velocity: 158 0    -4.174427742511    -1.463792445723     2.670500017625
Adsorbate-atom-velocity: 159 0    -1.714157992247    -2.547998471678     1.908680475747
Adsorbate-atom-velocity: 160 0    -1.055954101123    -1.171313383503    -1.298544244714
Adsorbate-atom-velocity: 161 0    -1.296245978933     1.311469543216    -0.228174002896
Adsorbate-atom-velocity: 162 0     0.777058878580     0.813919528545    -1.207239947812
Adsorbate-atom-velocity: 163 0     1.454541319888     0.373959711811    -1.040609089900
Adsorbate-atom-velocity: 164 0    -0.227713513141    -1.282085405085    -2.011864637749
Adsorbate-atom-velocity: 165 0     0.576577936073     0.753105064335     0.429125965908
Adsorbate-atom-velocity: 166 0     0.870686528577     2.074681409823     2.273266480182
Adsorbate-atom-velocity: 167 0    -0.816886584349     2.628050572446     0.486951513482
Adsorbate-atom-velocity: 168 0     0.074665248916    -1.621308855093    -1.178453444191
Adsorbate-atom-velocity: 169 0     1.128067395785     1.421421436540    -0.100645624730
Adsorbate-atom-velocity: 170 0    -0.281250196896    -0.124418160231    -2.160989427909
Adsorbate-atom-velocity: 171 0     0.202022077774     0.287422438721     0.145387187947
Adsorbate-atom-velocity: 172 0     1.750910373301     1.243518014861    -0.744789647334
Adsorbate-atom-velocity: 173 0     0.459701357280    -0.915366684714    -0.382825010444
Adsorbate-atom-velocity: 174 0     1.287562112457     0.963015604154     1.573073583959
Adsorbate-atom-velocity: 175 0    -1.674668734229    -3.699649807084    -0.241920843606
Adsorbate-atom-velocity: 176 0    -0.595719490919     0.432289299190    -1.146595993241
Adsorbate-atom-velocity: 177 0     1.719725991440     1.970782955755    -0.089297888805
Adsorbate-atom-velocity: 178 0     0.463558001045    -1.189270538538    -2.008118644019
Adsorbate-atom-velocity: 179 0     1.172158312242    -1.822241102063     1.110402083986
Adsorbate-atom-velocity: 180 0     1.324637484095     0.367355569052    -1.871517741450
Adsorbate-atom-velocity: 181 0     0.850804631608     0.048548655870     1.904097874220
Adsorbate-atom-velocity: 182 0    -0.504835600409     0.637402133963     1.716476935660
Adsorbate-atom-velocity: 183 0    -0.562571062902    -4.004945131059     1.750213184417
Adsorbate-atom-velocity: 184 0    -1.972780451472     1.409587436815     0.752363004437
Adsorbate-atom-velocity: 185 0     1.758644785792     0.891599456501    -0.501626865837
Adsorbate-atom-velocity: 186 0    -0.837679408845     0.461174669627    -1.030439376092
Adsorbate-atom-velocity: 187 0     0.591326288661     0.233365566535     1.841390741846
Adsorbate-atom-velocity: 188 0     1.516627476505     0.765338093878     0.024740282700
Adsorbate-atom-velocity: 189 0     0.946082061799     0.058137527421     0.371896522671
Adsorbate-atom-velocity: 190 0    -0.040003118561     0.253976464612    -1.638453096312
Adsorbate-atom-velocity: 191 0     0.899087637266     0.701388212789    -0.730950662959
Adsorbate-atom-velocity: 192 0    -0.461696367217     2.226238556087     2.513561275036
Adsorbate-atom-velocity: 193 0    -0.685513898805     0.062691727593     1.100948429766
Adsorbate-atom-velocity: 194 0     0.990178421126    -0.659147383694    -1.401655945641
Adsorbate-atom-velocity: 195 0     2.095154081767    -1.178577984450     0.207408393090
Adsorbate-atom-velocity: 196 0     1.800403078513     1.725576000716     0.212283705361
Adsorbate-atom-velocity: 197 0    -1.190643317520    -1.524261806864    -2.250156388003
Adsorbate-atom-velocity: 198 0    -0.400275970541    -1.261777179646    -1.184830298832
Adsorbate-atom-velocity: 199 0    -2.750411517181     1.467105733929     0.695530804679
Adsorbate-atom-velocity: 200 0    -2.066886342733     0.130111119404     0.033630743057
Adsorbate-atom-velocity: 201 0     2.745535518196     0.694267311020     2.356424863563
Adsorbate-atom-velocity: 202 0    -0.847517784872    -1.224817938778     0.295653595730
Adsorbate-atom-velocity: 203 0     1.188058033332    -1.818969312153     0.842834975768
Adsorbate-atom-velocity: 204 0    -0.821448607305    -0.337252890064    -0.563946760447
Adsorbate-atom-force:    0 0    -0.957283270707  -229.493393021837    -5.899721126557
Adsorbate-atom-force:    1 0   314.422470016412  -123.019663121608   166.071366224631
Adsorbate-atom-force:    2 0   172.364334311466  -200.808498111832  -426.960529376135
Adsorbate-atom-force:    3 0   187.897976096149    86.397236991034   152.415652235100
Adsorbate-atom-force:    4 0  -328.420083938917  -576.297838084733   -75.003162465950
Adsorbate-atom-force:    5 0  -156.166657995751  -493.861186694813 -1009.127518325450
Adsorbate-atom-force:    6 0   214.756190209200   -88.544514601224  -192.203799197448
Adsorbate-atom-force:    7 0   243.075889489423   692.987906286605  -143.157792224951
Adsorbate-atom-force:    8 0   362.086993389149   341.466051508847  -358.959245248874
Adsorbate-atom-force:    9 0  -124.978537879450   248.988596347769   377.770720488624
Adsorbate-atom-force:    10 0  -218.255627083108    20.788868161159   306.558566146529
Adsorbate-atom-force:    11 0   221.006223697676   276.289823195950   139.622330389047
Adsorbate-atom-force:    12 0    41.580804171900  -158.780213510598   125.002816578023
Adsorbate-atom-force:    13 0  -236.808045211043   140.544833008812    13.527459483846
Adsorbate-atom-force:    14 0  -183.154243234592    63.887356196931     6.434104169257
Adsorbate-atom-force:    15 0   478.822455149322   352.886499153615    76.277404916758
Adsorbate-atom-force:    16 0   400.194449560548  -256.263035576810   161.922219199018
Adsorbate-atom-force:    17 0    98.489170445885   -49.957257917967   111.954073141024
Adsorbate-atom-force:    18 0  -282.712285785422   183.739651943051  -115.845828990629
Adsorbate-atom-force:    19 0   235.753655789290  -233.607861141870   190.691409135253
Adsorbate-atom-force:    20 0 -1455.201182640538  -386.197235387015   421.770849841729
Adsorbate-atom-force:    21 0  -231.333312275667  -150.703022075102   106.519651395995
Adsorbate-atom-force:    22 0  -227.823332088168  -190.260701647424  -177.184050814218
Adsorbate-atom-force:    23 0  -178.843594779896   328.640476216038  -328.267760552892
Adsorbate-atom-force:    24 0   969.198767540522   541.660177449774   634.826548713074
Adsorbate-atom-force:    25 0   382.987092930406  -336.242255939759  -363.670416374476
Adsorbate-atom-force:    26 0  -179.344528330757  -859.438539085097  -478.036687883201
Adsorbate-atom-force:    27 0  -156.860487803786  -738.495271471823  -534.373346002766
Adsorbate-atom-force:    28 0   -86.270805600228   -57.672099807499   -75.126727352792
Adsorbate-atom-force:    29 0   188.050799476349  -514.533314175698   262.016861123119
Adsorbate-atom-force:    30 0  -287.635142775520   226.893388554391  -176.070237576602
Adsorbate-atom-force:    31 0  -604.166215472831    88.775953243682   153.871767798733
Adsorbate-atom-force:    32 0    81.821416696848    -4.209701760656    23.964704365894
Adsorbate-atom-force:    33 0  -180.418767737906  -319.568614383664   465.792867391443
Adsorbate-atom-force:    34 0    45.580069841387  -271.241460979917   -17.191889741678
Adsorbate-atom-force:    35 0    44.985989356623    56.447120944819    80.008275080729
Adsorbate-atom-force:    36 0    43.504669185820   181.184578990470    66.481735031766
Adsorbate-atom-force:    37 0   501.002869515694   933.449190905713  -792.311789191533
Adsorbate-atom-force:    38 0   344.972152794327   692.334547835736  -314.304233284168
Adsorbate-atom-force:    39 0     3.547711642144   247.897443756660   385.332395840205
Adsorbate-atom-force:    40 0  -330.485951304197   -25.986121283140   -40.170280810177
Adsorbate-atom-force:    41 0  -507.156156334601   308.293565055770   -69.803260074967
Adsorbate-atom-force:    42 0   -15.708002326840   178.952126290547   149.253961234709
Adsorbate-atom-force:    43 0  -157.903248334244   412.336620989781    75.233127598357
Adsorbate-atom-force:    44 0  -173.001158498745   -53.354239275059  -103.494033948340
Adsorbate-atom-force:    45 0   161.549315708935    82.814589140548    80.355635898763
Adsorbate-atom-force:    46 0  -271.323609474223  -265.970044719445  -382.119459062127
Adsorbate-atom-force:    47 0   -75.660394409439  -191.176363109578  -172.554843900461
Adsorbate-atom-force:    48 0   633.203728934444  -637.410468757364   637.205220666807
Adsorbate-atom-force:    49 0  -411.006157921933  -445.650286631157  -133.496488158980
Adsorbate-atom-force:    50 0    -9.810967765949   194.492106595394   102.729807794615
Adsorbate-atom-force:    51 0 -1591.322086510289   689.547260116748  -728.030518221147
Adsorbate-atom-force:    52 0   261.783748356923   107.753598634275   220.959769573764
Adsorbate-atom-force:    53 0   189.548312764817   326.806422726734  -308.002923413681
Adsorbate-atom-force:    54 0  -433.412834446837   252.728599300050   245.947923462759
Adsorbate-atom-force:    55 0   -72.225386039071  -121.232486267760   -15.398037121063
Adsorbate-atom-force:    56 0   170.240767516395  -102.849364544596    -2.048960293008
Adsorbate-atom-force:    57 0   524.859331754739   494.113336813124   562.043172678807
Adsorbate-atom-force:    58 0   402.602780334451  -126.740629863093   333.364218923720
Adsorbate-atom-force:    59 0   -96.913357894732   145.407161932250   240.218956911984
Adsorbate-atom-force:    60 0   241.154085062725   465.873565614961   467.009219275083
Adsorbate-atom-force:    61 0    50.411199080627   -30.207351518351    14.251585300108
Adsorbate-atom-force:    62 0  -234.014459492803  -215.267761069791  -245.324559319671
Adsorbate-atom-force:    63 0   473.113833225022    72.033900706133   437.294213535329
Adsorbate-atom-force:    64 0   313.886719042662   -53.710232516876  -130.839955486830
Adsorbate-atom-force:    65 0   554.805703300553   840.568364131694  -153.873102343062
Adsorbate-atom-force:    66 0  -192.333753945079   411.943532020353  -267.637366789699
Adsorbate-atom-force:    67 0   301.192943617048   354.428174703996   213.973790042067
Adsorbate-atom-force:    68 0  -362.694374028951   579.060663931303  -335.591308618924
Adsorbate-atom-force:    69 0   125.458035184520   273.677405877420     8.828921640116
Adsorbate-atom-force:    70 0   207.316140229458  -124.677324718550    -6.211496853436
Adsorbate-atom-force:    71 0  -434.980780451212   204.693902032190   593.095052082568
Adsorbate-atom-force:    72 0  -801.080128925867  1079.338192642196   864.245226046807
Adsorbate-atom-force:    73 0   371.013001390719  -282.315252666596   586.836757884244
Adsorbate-atom-force:    74 0  -425.716034860112  -249.338973468594   946.911431546157
Adsorbate-atom-force:    75 0    34.133097898634    84.622122147390    -6.436194708330
Adsorbate-atom-force:    76 0  -134.313403751482    61.764976096055    80.550208673948
Adsorbate-atom-force:    77 0  -227.499513363270   241.278031638473   358.492050086915
Adsorbate-atom-force:    78 0  -141.086076812040  -125.889957552146    34.669938512070
Adsorbate-atom-force:    79 0    56.862563159186   232.686996755506  -203.817382114749
Adsorbate-atom-force:    80 0   377.591125842551  -253.937060127175   495.351165064600
Adsorbate-atom-force:    81 0  -127.971034705981   754.950009496307 -1154.573901556896
Adsorbate-atom-force:    82 0   133.410086505222  -122.284748518976   138.804385063101
Adsorbate-atom-force:    83 0   -19.192772457184   266.036341664508   144.652743993520
Adsorbate-atom-force:    84 0   271.327625325609   355.617162843715  -257.062150454509
Adsorbate-atom-force:    85 0  -108.714473343769  -211.621107679586   129.890707911331
Adsorbate-atom-force:    86 0   488.293396915364  -474.387156160549   491.341059791767
Adsorbate-atom-force:    87 0  -106.130173663436   -30.930692372837   304.310286736082
Adsorbate-atom-force:    88 0   289.466679804172  -148.613793731225    16.089535869541
Adsorbate-atom-force:    89 0   222.752355226954   -15.659252502284  -317.581694805039
Adsorbate-atom-force:    90 0  -438.992075982883  1315.266680768090   773.099652736540
Adsorbate-atom-force:    91 0  -650.522392854326  -506.601009458486  -446.765788400711
Adsorbate-atom-force:    92 0  -586.019355607244   696.440427695330  -143.875594611558
Adsorbate-atom-force:    93 0   243.422178948832    -6.448333239244  -182.187864485014
Adsorbate-atom-force:    94 0  -103.481493677681  -241.463587328763   361.191920708116
Adsorbate-atom-force:    95 0   251.198677385466  -234.759824008567   278.413303768813
Adsorbate-atom-force:    96 0    17.841917560175  -168.815199991315  -137.909878034266
Adsorbate-atom-force:    97 0   178.842684435508   283.169896758057  -477.839056448776
Adsorbate-atom-force:    98 0  -829.851589740256  -253.436527686742   279.716521001416
Adsorbate-atom-force:    99 0  -184.757834371726   286.885594043256   164.809671278828
Adsorbate-atom-force:    100 0  -480.559789140845   565.604827571895   353.325757454222
Adsorbate-atom-force:    101 0  -117.050763038001  -366.369484232163  -180.289456102011
Adsorbate-atom-force:    102 0  -218.765916428445   177.345144242926   -91.391652054386
Adsorbate-atom-force:    103 0    17.453484256698   306.972894730509    54.721566805326
Adsorbate-atom-force:    104 0    59.922356253254    86.064163347698   152.893032083674
Adsorbate-atom-force:    105 0   -69.190510522145   329.601216151287   127.923942754419
Adsorbate-atom-force:    106 0   128.763305621326  -300.454536470920  -276.387969543365
Adsorbate-atom-force:    107 0   126.641596162968  -139.577246642430   137.551520792720
Adsorbate-atom-force:    108 0    -0.254155956508   246.445703717585   214.022731079864
Adsorbate-atom-force:    109 0  -453.673966356958    52.945752092781  -493.988937454046
Adsorbate-atom-force:    110 0  -315.632689994651   -33.949879449144   -96.443970188920
Adsorbate-atom-force:    111 0  -485.879089739882   191.290905996752  -442.226379623773
Adsorbate-atom-force:    112 0  -606.768770247456  -612.077280841895     6.231805816754
Adsorbate-atom-force:    113 0  -120.954559478241  -342.706135265959   -99.923116103735
Adsorbate-atom-force:    114 0  -191.302397760846  -101.663529661506   -92.150455395567
Adsorbate-atom-force:    115 0  -178.850167199120  -364.953296029056    72.050459825884
Adsorbate-atom-force:    116 0   100.175506427201   116.083196928903   147.038131341275
Adsorbate-atom-force:    117 0  -436.482861781605 -1164.821257271815    50.244578959129
Adsorbate-atom-force:    118 0  -109.541491573780  -159.122115172187   -74.650715715851
Adsorbate-atom-force:    119 0  -143.481384567409   318.661711423875   -85.133421343857
Adsorbate-atom-force:    120 0   -15.631128270936    11.006858278824    -0.467126524345
Adsorbate-atom-force:    121 0  -134.235096952947   -58.591449532130   369.418409062218
Adsorbate-atom-force:    122 0  -163.113163273609  -203.003978508518  -287.004316493538
Adsorbate-atom-force:    123 0   244.406749072188  -924.517704680399   568.216436008160
Adsorbate-atom-force:    124 0    52.464749728147    97.717962158328  -107.757267219697
Adsorbate-atom-force:    125 0   -26.443777982844     5.478922166122   293.961380285257
Adsorbate-atom-force:    126 0   140.681337669933   -45.632914536114   109.051383912158
Adsorbate-atom-force:    127 0   156.068415533277   432.165673905019    90.436918470104
Adsorbate-atom-force:    128 0   170.753995048206   170.688300166199  -184.026726325946
Adsorbate-atom-force:    129 0    61.008484338760   254.720688763259  -240.125890358125
Adsorbate-atom-force:    130 0   516.168671289615   600.915018321132   -13.920818518450
Adsorbate-atom-force:    131 0  -478.476750127560  -491.336939790874  -266.650848515004
Adsorbate-atom-force:    132 0   -73.356979214584  -186.313881445933    55.909980619882
Adsorbate-atom-force:    133 0  -257.875689264707   511.391293724768  -357.370727485544
Adsorbate-atom-force:    134 0    -5.173984264149   412.193156476037   183.209060771201
Adsorbate-atom-force:    135 0  -511.365990999873    43.825123950888   470.138354118083
Adsorbate-atom-force:    136 0    67.184084867076   -68.196063025083    28.877360899932
Adsorbate-atom-force:    137 0    41.781644522441    -8.262470714438  -430.347695006766
Adsorbate-atom-force:    138 0   -67.238224930436    79.371503635436 -1447.963034204793
Adsorbate-atom-force:    139 0  -385.738015753245    61.671130599528     6.326353034716
Adsorbate-atom-force:    140 0   195.894429956545   220.252506103187   108.796473571043
Adsorbate-atom-force:    141 0  -505.673361647263  -198.135388523758   751.842965771986
Adsorbate-atom-force:    142 0  1081.600749741623   150.825341735885   793.073748387285
Adsorbate-atom-force:    143 0  -461.628871878569   155.764598942954  -155.557032030459
Adsorbate-atom-force:    144 0   199.082682793814   236.688694046575  -203.341326355289
Adsorbate-atom-force:    145 0  -235.290753817901   151.716503690259   288.325437962563
Adsorbate-atom-force:    146 0   -44.763296645296   236.649363005418   124.353343112824
Adsorbate-atom-force:    147 0   155.156797605166   204.475340215536  -146.337352034507
Adsorbate-atom-force:    148 0   657.723062226355   519.268985827021   184.337800204070
Adsorbate-atom-force:    149 0  -286.278593419555   148.408044269725   103.001990208052
Adsorbate-atom-force:    150 0   -21.853615524979  -289.519459522424    72.956778316130
Adsorbate-atom-force:    151 0  -357.002805963663   140.259004049045    68.778853111990
Adsorbate-atom-force:    152 0  -613.364446475979  -570.802660865480   -91.449893282473
Adsorbate-atom-force:    153 0   -29.831179792209    20.578784262230    -0.883759844844
Adsorbate-atom-force:    154 0   588.570389285749   647.143167550884  -655.510474594590
Adsorbate-atom-force:    155 0   -13.789577209414  -345.670254944604  -651.889872739766
Adsorbate-atom-force:    156 0  -611.158697800745   342.448066341845  -287.166264880427
Adsorbate-atom-force:    157 0    76.113936121181   -34.577076197999   -74.956183870362
Adsorbate-atom-force:    158 0   159.371357493616   -90.649945030210  -249.072089698834
Adsorbate-atom-force:    159 0   -42.786374311606 -1203.635034968325   135.842840512808
Adsorbate-atom-force:    160 0   -14.773821751919    75.795127961862   211.285346566960
Adsorbate-atom-force:    161 0   423.849508659632  -101.696253416721  -442.690373353195
Adsorbate-atom-force:    162 0   154.392808068964  -753.527016417091    42.990220029408
Adsorbate-atom-force:    163 0  -834.908457236999  -860.600777088512   124.647153950209
Adsorbate-atom-force:    164 0   275.819711342106 -1199.498518596743  -779.144051669479
Adsorbate-atom-force:    165 0   -46.627972898469  -132.851068869096  -303.672901635416
Adsorbate-atom-force:    166 0   351.017849871494   389.836766767836   152.354947759436
Adsorbate-atom-force:    167 0  -159.507646205951   157.032443139102  -363.467368431364
Adsorbate-atom-force:    168 0  -504.503966118015  -214.027902059036   114.349528080139
Adsorbate-atom-force:    169 0   122.909375932528   -78.690037259896  -146.645623584679
Adsorbate-atom-force:    170 0   -42.260946143949  -108.235839130190     6.945974821469
Adsorbate-atom-force:    171 0    84.586409614703  -378.256155245028   572.976387445155
Adsorbate-atom-force:    172 0  -581.541284523692    20.139843191853  -770.932338896738
Adsorbate-atom-force:    173 0   282.237185042963  -138.264287728083  -822.380571425505
Adsorbate-atom-force:    174 0  -122.476344904939   -57.654883373862    35.199570059262
Adsorbate-atom-force:    175 0   -64.284929562969   138.722733413580    38.153632257489
Adsorbate-atom-force:    176 0   403.860616840272     1.329597615884    67.312402157663
Adsorbate-atom-force:    177 0  -462.234855022482  -426.963337384012   378.090795921791
Adsorbate-atom-force:    178 0   413.394002803125    11.060291964295  -209.265828244481
Adsorbate-atom-force:    179 0  -115.749348807628    85.176260869151  -381.582815531077
Adsorbate-atom-force:    180 0    27.143819199473   572.113193109415  -250.711929368573
Adsorbate-atom-force:    181 0  -454.358787241855   150.627325088153  -313.940764888390
Adsorbate-atom-force:    182 0   208.350491839770   739.341164149255   338.570017797051
Adsorbate-atom-force:    183 0  -172.747678908948  1039.819295262771 -1032.446171201006
Adsorbate-atom-force:    184 0  -829.951226560994   472.164660425441  -524.372699561958
Adsorbate-atom-force:    185 0   298.325282774027  -217.005025166285   132.980916482693
Adsorbate-atom-force:    186 0    86.865276480586   -90.412037765487  -173.186867881005
Adsorbate-atom-force:    187 0  -192.002882848779   165.183108381150   -15.032253641584
Adsorbate-atom-force:    188 0  -138.966822619721   927.444113659946   331.480185079347
Adsorbate-atom-force:    189 0   433.393678108046  -228.179011513629  -380.836863501137
Adsorbate-atom-force:    190 0  -267.154940002625    41.877690253023   -10.111639348860
Adsorbate-atom-force:    191 0  -409.638729419337   670.017255672946  -210.082221553081
Adsorbate-atom-force:    192 0    12.842718565113   357.888526829833   178.749153696877
Adsorbate-atom-force:    193 0   146.200820137693   145.623148994100  -188.679765928924
Adsorbate-atom-force:    194 0   728.180157819697  -767.045340160016  -206.046251514903
Adsorbate-atom-force:    195 0  -340.081759027959  -402.182215490235   914.179795697027
Adsorbate-atom-force:    196 0   179.540742836721  -417.499946256622    39.871987271007
Adsorbate-atom-force:    197 0   282.665520876344    -4.147743597523  -382.970157363059
Adsorbate-atom-force:    198 0   -20.221755845576  -175.048981392776  -282.681929124892
Adsorbate-atom-force:    199 0   928.464713172976   869.490895518434   178.823748335492
Adsorbate-atom-force:    200 0  1358.418305162626  -245.650033943179  -738.150335951254
Adsorbate-atom-force:    201 0    92.382213532887    88.689887253337   -21.508498802008
Adsorbate-atom-force:    202 0  -574.936625327995   649.082871002453  2234.736151557817
Adsorbate-atom-force:    203 0  -365.932603310182   371.518577329811   631.309071786849
Adsorbate-atom-force:    204 0     0.244298028911  -109.595920267371   133.908382862761
Adsorbate-atom-charge:   0 0     0.000000000000
Adsorbate-atom-charge:   1 0     0.000000000000
Adsorbate-atom-charge:   2 0     0.000000000000
Adsorbate-atom-charge:   3 0     0.000000000000
Adsorbate-atom-charge:   4 0     0.000000000000
Adsorbate-atom-charge:   5 0     0.000000000000
Adsorbate-atom-charge:   6 0     0.000000000000
Adsorbate-atom-charge:   7 0     0.000000000000
Adsorbate-atom-charge:   8 0     0.000000000000
Adsorbate-atom-charge:   9 0     0.000000000000
Adsorbate-atom-charge:   10 0     0.000000000000
Adsorbate-atom-charge:   11 0     0.000000000000
Adsorbate-atom-charge:   12 0     0.000000000000
Adsorbate-atom-charge:   13 0     0.000000000000
Adsorbate-atom-charge:   14 0     0.000000000000
Adsorbate-atom-charge:   15 0     0.000000000000
Adsorbate-atom-charge:   16 0     0.000000000000
Adsorbate-atom-charge:   17 0     0.000000000000
Adsorbate-atom-charge:   18 0     0.000000000000
Adsorbate-atom-charge:   19 0     0.000000000000
Adsorbate-atom-charge:   20 0     0.000000000000
Adsorbate-atom-charge:   21 0     0.000000000000
Adsorbate-atom-charge:   22 0     0.000000000000
Adsorbate-atom-charge:   23 0     0.000000000000
Adsorbate-atom-charge:   24 0     0.000000000000
Adsorbate-atom-charge:   25 0     0.000000000000
Adsorbate-atom-charge:   26 0     0.000000000000
Adsorbate-atom-charge:   27 0     0.000000000000
Adsorbate-atom-charge:   28 0     0.000000000000
Adsorbate-atom-charge:   29 0     0.000000000000
Adsorbate-atom-charge:   30 0     0.000000000000
Adsorbate-atom-charge:   31 0     0.000000000000
Adsorbate-atom-charge:   32 0     0.000000000000
Adsorbate-atom-charge:   33 0     0.000000000000
Adsorbate-atom-charge:   34 0     0.000000000000
Adsorbate-atom-charge:   35 0     0.000000000000
Adsorbate-atom-charge:   36 0     0.000000000000
Adsorbate-atom-charge:   37 0     0.000000000000
Adsorbate-atom-charge:   38 0     0.000000000000
Adsorbate-atom-charge:   39 0     0.000000000000
Adsorbate-atom-charge:   40 0     0.000000000000
Adsorbate-atom-charge:   41 0     0.000000000000
Adsorbate-atom-charge:   42 0     0.000000000000
Adsorbate-atom-charge:   43 0     0.000000000000
Adsorbate-atom-charge:   44 0     0.000000000000
Adsorbate-atom-charge:   45 0     0.000000000000
Adsorbate-atom-charge:   46 0     0.000000000000
Adsorbate-atom-charge:   47 0     0.000000000000
Adsorbate-atom-charge:   48 0     0.000000000000
Adsorbate-atom-charge:   49 0     0.000000000000
Adsorbate-atom-charge:   50 0     0.000000000000
Adsorbate-atom-charge:   51 0     0.000000000000
Adsorbate-atom-charge:   52 0     0.000000000000
Adsorbate-atom-charge:   53 0     0.000000000000
Adsorbate-atom-charge:   54 0     0.000000000000
Adsorbate-atom-charge:   55 0     0.000000000000
Adsorbate-atom-charge:   56 0     0.000000000000
Adsorbate-atom-charge:   57 0     0.000000000000
Adsorbate-atom-charge:   58 0     0.000000000000
Adsorbate-atom-charge:   59 0     0.000000000000
Adsorbate-atom-charge:   60 0     0.000000000000
Adsorbate-atom-charge:   61 0     0.000000000000
Adsorbate-atom-charge:   62 0     0.000000000000
Adsorbate-atom-charge:   63 0     0.000000000000
Adsorbate-atom-charge:   64 0     0.000000000000
Adsorbate-atom-charge:   65 0     0.000000000000
Adsorbate-atom-charge:   66 0     0.000000000000
Adsorbate-atom-charge:   67 0     0.000000000000
Adsorbate-atom-charge:   68 0     0.000000000000
Adsorbate-atom-charge:   69 0     0.000000000000
Adsorbate-atom-charge:   70 0     0.000000000000
Adsorbate-atom-charge:   71 0     0.000000000000
Adsorbate-atom-charge:   72 0     0.000000000000
Adsorbate-atom-charge:   73 0     0.000000000000
Adsorbate-atom-charge:   74 0     0.000000000000
Adsorbate-atom-charge:   75 0     0.000000000000
Adsorbate-atom-charge:   76 0     0.000000000000
Adsorbate-atom-charge:   77 0     0.000000000000
Adsorbate-atom-charge:   78 0     0.000000000000
Adsorbate-atom-charge:   79 0     0.000000000000
Adsorbate-atom-charge:   80 0     0.000000000000
Adsorbate-atom-charge:   81 0     0.000000000000
Adsorbate-atom-charge:   82 0     0.000000000000
Adsorbate-atom-charge:   83 0     0.000000000000
Adsorbate-atom-charge:   84 0     0.000000000000
Adsorbate-atom-charge:   85 0     0.000000000000
Adsorbate-atom-charge:   86 0     0.000000000000
Adsorbate-atom-charge:   87 0     0.000000000000
Adsorbate-atom-charge:   88 0     0.000000000000
Adsorbate-atom-charge:   89 0     0.000000000000
Adsorbate-atom-charge:   90 0     0.000000000000
Adsorbate-atom-charge:   91 0     0.000000000000
Adsorbate-atom-charge:   92 0     0.000000000000
Adsorbate-atom-charge:   93 0     0.000000000000
Adsorbate-atom-charge:   94 0     0.000000000000
Adsorbate-atom-charge:   95 0     0.000000000000
Adsorbate-atom-charge:   96 0     0.000000000000
Adsorbate-atom-charge:   97 0     0.000000000000
Adsorbate-atom-charge:   98 0     0.000000000000
Adsorbate-atom-charge:   99 0     0.000000000000
Adsorbate-atom-charge:   100 0     0.000000000000
Adsorbate-atom-charge:   101 0     0.000000000000
Adsorbate-atom-charge:   102 0     0.000000000000
Adsorbate-atom-charge:   103 0     0.000000000000
Adsorbate-atom-charge:   104 0     0.000000000000
Adsorbate-atom-charge:   105 0     0.000000000000
Adsorbate-atom-charge:   106 0     0.000000000000
Adsorbate-atom-charge:   107 0     0.000000000000
Adsorbate-atom-charge:   108 0     0.000000000000
Adsorbate-atom-charge:   109 0     0.000000000000
Adsorbate-atom-charge:   110 0     0.000000000000
Adsorbate-atom-charge:   111 0     0.000000000000
Adsorbate-atom-charge:   112 0     0.000000000000
Adsorbate-atom-charge:   113 0     0.000000000000
Adsorbate-atom-charge:   114 0     0.000000000000
Adsorbate-atom-charge:   115 0     0.000000000000
Adsorbate-atom-charge:   116 0     0.000000000000
Adsorbate-atom-charge:   117 0     0.000000000000
Adsorbate-atom-charge:   118 0     0.000000000000
Adsorbate-atom-charge:   119 0     0.000000000000
Adsorbate-atom-charge:   120 0     0.000000000000
Adsorbate-atom-charge:   121 0     0.000000000000
Adsorbate-atom-charge:   122 0     0.000000000000
Adsorbate-atom-charge:   123 0     0.000000000000
Adsorbate-atom-charge:   124 0     0.000000000000
Adsorbate-atom-charge:   125 0     0.000000000000
Adsorbate-atom-charge:   126 0     0.000000000000
Adsorbate-atom-charge:   127 0     0.000000000000
Adsorbate-atom-charge:   128 0     0.000000000000
Adsorbate-atom-charge:   129 0     0.000000000000
Adsorbate-atom-charge:   130 0     0.000000000000
Adsorbate-atom-charge:   131 0     0.000000000000
Adsorbate-atom-charge:   132 0     0.000000000000
Adsorbate-atom-charge:   133 0     0.000000000000
Adsorbate-atom-charge:   134 0     0.000000000000
Adsorbate-atom-charge:   135 0     0.000000000000
Adsorbate-atom-charge:   136 0     0.000000000000
Adsorbate-atom-charge:   137 0     0.000000000000
Adsorbate-atom-charge:   138 0     0.000000000000
Adsorbate-atom-charge:   139 0     0.000000000000
Adsorbate-atom-charge:   140 0     0.000000000000
Adsorbate-atom-charge:   141 0     0.000000000000
Adsorbate-atom-charge:   142 0     0.000000000000
Adsorbate-atom-charge:   143 0     0.000000000000
Adsorbate-atom-charge:   144 0     0.000000000000
Adsorbate-atom-charge:   145 0     0.000000000000
Adsorbate-atom-charge:   146 0     0.000000000000
Adsorbate-atom-charge:   147 0     0.000000000000
Adsorbate-atom-charge:   148 0     0.000000000000
Adsorbate-atom-charge:   149 0     0.000000000000
Adsorbate-atom-charge:   150 0     0.000000000000
Adsorbate-atom-charge:   151 0     0.000000000000
Adsorbate-atom-charge:   152 0     0.000000000000
Adsorbate-atom-charge:   153 0     0.000000000000
Adsorbate-atom-charge:   154 0     0.000000000000
Adsorbate-atom-charge:   155 0     0.000000000000
Adsorbate-atom-charge:   156 0     0.000000000000
Adsorbate-atom-charge:   157 0     0.000000000000
Adsorbate-atom-charge:   158 0     0.000000000000
Adsorbate-atom-charge:   159 0     0.000000000000
Adsorbate-atom-charge:   160 0     0.000000000000
Adsorbate-atom-charge:   161 0     0.000000000000
Adsorbate-atom-charge:   162 0     0.000000000000
Adsorbate-atom-charge:   163 0     0.000000000000
Adsorbate-atom-charge:   164 0     0.000000000000
Adsorbate-atom-charge:   165 0     0.000000000000
Adsorbate-atom-charge:   166 0     0.000000000000
Adsorbate-atom-charge:   167 0     0.000000000000
Adsorbate-atom-charge:   168 0     0.000000000000
Adsorbate-atom-charge:   169 0     0.000000000000
Adsorbate-atom-charge:   170 0     0.000000000000
Adsorbate-atom-charge:   171 0     0.000000000000
Adsorbate-atom-charge:   172 0     0.000000000000
Adsorbate-atom-charge:   173 0     0.000000000000
Adsorbate-atom-charge:   174 0     0.000000000000
Adsorbate-atom-charge:   175 0     0.000000000000
Adsorbate-atom-charge:   176 0     0.000000000000
Adsorbate-atom-charge:   177 0     0.000000000000
Adsorbate-atom-charge:   178 0     0.000000000000
Adsorbate-atom-charge:   179 0     0.000000000000
Adsorbate-atom-charge:   180 0     0.000000000000
Adsorbate-atom-charge:   181 0     0.000000000000
Adsorbate-atom-charge:   182 0     0.000000000000
Adsorbate-atom-charge:   183 0     0.000000000000
Adsorbate-atom-charge:   184 0     0.000000000000
Adsorbate-atom-charge:   185 0     0.000000000000
Adsorbate-atom-charge:   186 0     0.000000000000
Adsorbate-atom-charge:   187 0     0.000000000000
Adsorbate-atom-charge:   188 0     0.000000000000
Adsorbate-atom-charge:   189 0     0.000000000000
Adsorbate-atom-charge:   190 0     0.000000000000
Adsorbate-atom-charge:   191 0     0.000000000000
Adsorbate-atom-charge:   192 0     0.000000000000
Adsorbate-atom-charge:   193 0     0.000000000000
Adsorbate-atom-charge:   194 0     0.000000000000
Adsorbate-atom-charge:   195 0     0.000000000000
Adsorbate-atom-charge:   196 0     0.000000000000
Adsorbate-atom-charge:   197 0     0.000000000000
Adsorbate-atom-charge:   198 0     0.000000000000
Adsorbate-atom-charge:   199 0     0.000000000000
Adsorbate-atom-charge:   200 0     0.000000000000
Adsorbate-atom-charge:   201 0     0.000000000000
Adsorbate-atom-charge:   202 0     0.000000000000
Adsorbate-atom-charge:   203 0     0.000000000000
Adsorbate-atom-charge:   204 0     0.000000000000
Adsorbate-atom-scaling:  0 0     1.000000000000
Adsorbate-atom-scaling:  1 0     1.000000000000
Adsorbate-atom-scaling:  2 0     1.000000000000
Adsorbate-atom-scaling:  3 0     1.000000000000
Adsorbate-atom-scaling:  4 0     1.000000000000
Adsorbate-atom-scaling:  5 0     1.000000000000
Adsorbate-atom-scaling:  6 0     1.000000000000
Adsorbate-atom-scaling:  7 0     1.000000000000
Adsorbate-atom-scaling:  8 0     1.000000000000
Adsorbate-atom-scaling:  9 0     1.000000000000
Adsorbate-atom-scaling:  10 0     1.000000000000
Adsorbate-atom-scaling:  11 0     1.000000000000
Adsorbate-atom-scaling:  12 0     1.000000000000
Adsorbate-atom-scaling:  13 0     1.000000000000
Adsorbate-atom-scaling:  14 0     1.000000000000
Adsorbate-atom-scaling:  15 0     1.000000000000
Adsorbate-atom-scaling:  16 0     1.000000000000
Adsorbate-atom-scaling:  17 0     1.000000000000
Adsorbate-atom-scaling:  18 0     1.000000000000
Adsorbate-atom-scaling:  19 0     1.000000000000
Adsorbate-atom-scaling:  20 0     1.000000000000
Adsorbate-atom-scaling:  21 0     1.000000000000
Adsorbate-atom-scaling:  22 0     1.000000000000
Adsorbate-atom-scaling:  23 0     1.000000000000
Adsorbate-atom-scaling:  24 0     1.000000000000
Adsorbate-atom-scaling:  25 0     1.000000000000
Adsorbate-atom-scaling:  26 0     1.000000000000
Adsorbate-atom-scaling:  27 0     1.000000000000
Adsorbate-atom-scaling:  28 0     1.000000000000
Adsorbate-atom-scaling:  29 0     1.000000000000
Adsorbate-atom-scaling:  30 0     1.000000000000
Adsorbate-atom-scaling:  31 0     1.000000000000
Adsorbate-atom-scaling:  32 0     1.000000000000
Adsorbate-atom-scaling:  33 0     1.000000000000
Adsorbate-atom-scaling:  34 0     1.000000000000
Adsorbate-atom-scaling:  35 0     1.000000000000
Adsorbate-atom-scaling:  36 0     1.000000000000
Adsorbate-atom-scaling:  37 0     1.000000000000
Adsorbate-atom-scaling:  38 0     1.000000000000
Adsorbate-atom-scaling:  39 0     1.000000000000
Adsorbate-atom-scaling:  40 0     1.000000000000
Adsorbate-atom-scaling:  41 0     1.000000000000
Adsorbate-atom-scaling:  42 0     1.000000000000
Adsorbate-atom-scaling:  43 0     1.000000000000
Adsorbate-atom-scaling:  44 0     1.000000000000
Adsorbate-atom-scaling:  45 0     1.000000000000
Adsorbate-atom-scaling:  46 0     1.000000000000
Adsorbate-atom-scaling:  47 0     1.000000000000
Adsorbate-atom-scaling:  48 0     1.000000000000
Adsorbate-atom-scaling:  49 0     1.000000000000
Adsorbate-atom-scaling:  50 0     1.000000000000
Adsorbate-atom-scaling:  51 0     1.000000000000
Adsorbate-atom-scaling:  52 0     1.000000000000
Adsorbate-atom-scaling:  53 0     1.000000000000
Adsorbate-atom-scaling:  54 0     1.000000000000
Adsorbate-atom-scaling:  55 0     1.000000000000
Adsorbate-atom-scaling:  56 0     1.000000000000
Adsorbate-atom-scaling:  57 0     1.000000000000
Adsorbate-atom-scaling:  58 0     1.000000000000
Adsorbate-atom-scaling:  59 0     1.000000000000
Adsorbate-atom-scaling:  60 0     1.000000000000
Adsorbate-atom-scaling:  61 0     1.000000000000
Adsorbate-atom-scaling:  62 0     1.000000000000
Adsorbate-atom-scaling:  63 0     1.000000000000
Adsorbate-atom-scaling:  64 0     1.000000000000
Adsorbate-atom-scaling:  65 0     1.000000000000
Adsorbate-atom-scaling:  66 0     1.000000000000
Adsorbate-atom-scaling:  67 0     1.000000000000
Adsorbate-atom-scaling:  68 0     1.000000000000
Adsorbate-atom-scaling:  69 0     1.000000000000
Adsorbate-atom-scaling:  70 0     1.000000000000
Adsorbate-atom-scaling:  71 0     1.000000000000
Adsorbate-atom-scaling:  72 0     1.000000000000
Adsorbate-atom-scaling:  73 0     1.000000000000
Adsorbate-atom-scaling:  74 0     1.000000000000
Adsorbate-atom-scaling:  75 0     1.000000000000
Adsorbate-atom-scaling:  76 0     1.000000000000
Adsorbate-atom-scaling:  77 0     1.000000000000
Adsorbate-atom-scaling:  78 0     1.000000000000
Adsorbate-atom-scaling:  79 0     1.000000000000
Adsorbate-atom-scaling:  80 0     1.000000000000
Adsorbate-atom-scaling:  81 0     1.000000000000
Adsorbate-atom-scaling:  82 0     1.000000000000
Adsorbate-atom-scaling:  83 0     1.000000000000
Adsorbate-atom-scaling:  84 0     1.000000000000
Adsorbate-atom-scaling:  85 0     1.000000000000
Adsorbate-atom-scaling:  86 0     1.000000000000
Adsorbate-atom-scaling:  87 0     1.000000000000
Adsorbate-atom-scaling:  88 0     1.000000000000
Adsorbate-atom-scaling:  89 0     1.000000000000
Adsorbate-atom-scaling:  90 0     1.000000000000
Adsorbate-atom-scaling:  91 0     1.000000000000
Adsorbate-atom-scaling:  92 0     1.000000000000
Adsorbate-atom-scaling:  93 0     1.000000000000
Adsorbate-atom-scaling:  94 0     1.000000000000
Adsorbate-atom-scaling:  95 0     1.000000000000
Adsorbate-atom-scaling:  96 0     1.000000000000
Adsorbate-atom-scaling:  97 0     1.000000000000
Adsorbate-atom-scaling:  98 0     1.000000000000
Adsorbate-atom-scaling:  99 0     1.000000000000
Adsorbate-atom-scaling:  100 0     1.000000000000
Adsorbate-atom-scaling:  101 0     1.000000000000
Adsorbate-atom-scaling:  102 0     1.000000000000
Adsorbate-atom-scaling:  103 0     1.000000000000
Adsorbate-atom-scaling:  104 0     1.000000000000
Adsorbate-atom-scaling:  105 0     1.000000000000
Adsorbate-atom-scaling:  106 0     1.000000000000
Adsorbate-atom-scaling:  107 0     1.000000000000
Adsorbate-atom-scaling:  108 0     1.000000000000
Adsorbate-atom-scaling:  109 0     1.000000000000
Adsorbate-atom-scaling:  110 0     1.000000000000
Adsorbate-atom-scaling:  111 0     1.000000000000
Adsorbate-atom-scaling:  112 0     1.000000000000
Adsorbate-atom-scaling:  113 0     1.000000000000
Adsorbate-atom-scaling:  114 0     1.000000000000
Adsorbate-atom-scaling:  115 0     1.000000000000
Adsorbate-atom-scaling:  116 0     1.000000000000
Adsorbate-atom-scaling:  117 0     1.000000000000
Adsorbate-atom-scaling:  118 0     1.000000000000
Adsorbate-atom-scaling:  119 0     1.000000000000
Adsorbate-atom-scaling:  120 0     1.000000000000
Adsorbate-atom-scaling:  121 0     1.000000000000
Adsorbate-atom-scaling:  122 0     1.000000000000
Adsorbate-atom-scaling:  123 0     1.000000000000
Adsorbate-atom-scaling:  124 0     1.000000000000
Adsorbate-atom-scaling:  125 0     1.000000000000
Adsorbate-atom-scaling:  126 0     1.000000000000
Adsorbate-atom-scaling:  127 0     1.000000000000
Adsorbate-atom-scaling:  128 0     1.000000000000
Adsorbate-atom-scaling:  129 0     1.000000000000
Adsorbate-atom-scaling:  130 0     1.000000000000
Adsorbate-atom-scaling:  131 0     1.000000000000
Adsorbate-atom-scaling:  132 0     1.000000000000
Adsorbate-atom-scaling:  133 0     1.000000000000
Adsorbate-atom-scaling:  134 0     1.000000000000
Adsorbate-atom-scaling:  135 0     1.000000000000
Adsorbate-atom-scaling:  136 0     1.000000000000
Adsorbate-atom-scaling:  137 0     1.000000000000
Adsorbate-atom-scaling:  138 0     1.000000000000
Adsorbate-atom-scaling:  139 0     1.000000000000
Adsorbate-atom-scaling:  140 0     1.000000000000
Adsorbate-atom-scaling:  141 0     1.000000000000
Adsorbate-atom-scaling:  142 0     1.000000000000
Adsorbate-atom-scaling:  143 0     1.000000000000
Adsorbate-atom-scaling:  144 0     1.000000000000
Adsorbate-atom-scaling:  145 0     1.000000000000
Adsorbate-atom-scaling:  146 0     1.000000000000
Adsorbate-atom-scaling:  147 0     1.000000000000
Adsorbate-atom-scaling:  148 0     1.000000000000
Adsorbate-atom-scaling:  149 0     1.000000000000
Adsorbate-atom-scaling:  150 0     1.000000000000
Adsorbate-atom-scaling:  151 0     1.000000000000
Adsorbate-atom-scaling:  152 0     1.000000000000
Adsorbate-atom-scaling:  153 0     1.000000000000
Adsorbate-atom-scaling:  154 0     1.000000000000
Adsorbate-atom-scaling:  155 0     1.000000000000
Adsorbate-atom-scaling:  156 0     1.000000000000
Adsorbate-atom-scaling:  157 0     1.000000000000
Adsorbate-atom-scaling:  158 0     1.000000000000
Adsorbate-atom-scaling:  159 0     1.000000000000
Adsorbate-atom-scaling:  160 0     1.000000000000
Adsorbate-atom-scaling:  161 0     1.000000000000
Adsorbate-atom-scaling:  162 0     1.000000000000
Adsorbate-atom-scaling:  163 0     1.000000000000
Adsorbate-atom-scaling:  164 0     1.000000000000
Adsorbate-atom-scaling:  165 0     1.000000000000
Adsorbate-atom-scaling:  166 0     1.000000000000
Adsorbate-atom-scaling:  167 0     1.000000000000
Adsorbate-atom-scaling:  168 0     1.000000000000
Adsorbate-atom-scaling:  169 0     1.000000000000
Adsorbate-atom-scaling:  170 0     1.000000000000
Adsorbate-atom-scaling:  171 0     1.000000000000
Adsorbate-atom-scaling:  172 0     1.000000000000
Adsorbate-atom-scaling:  173 0     1.000000000000
Adsorbate-atom-scaling:  174 0     1.000000000000
Adsorbate-atom-scaling:  175 0     1.000000000000
Adsorbate-atom-scaling:  176 0     1.000000000000
Adsorbate-atom-scaling:  177 0     1.000000000000
Adsorbate-atom-scaling:  178 0     1.000000000000
Adsorbate-atom-scaling:  179 0     1.000000000000
Adsorbate-atom-scaling:  180 0     1.000000000000
Adsorbate-atom-scaling:  181 0     1.000000000000
Adsorbate-atom-scaling:  182 0     1.000000000000
Adsorbate-atom-scaling:  183 0     1.000000000000
Adsorbate-atom-scaling:  184 0     1.000000000000
Adsorbate-atom-scaling:  185 0     1.000000000000
Adsorbate-atom-scaling:  186 0     1.000000000000
Adsorbate-atom-scaling:  187 0     1.000000000000
Adsorbate-atom-scaling:  188 0     1.000000000000
Adsorbate-atom-scaling:  189 0     1.000000000000
Adsorbate-atom-scaling:  190 0     1.000000000000
Adsorbate-atom-scaling:  191 0     1.000000000000
Adsorbate-atom-scaling:  192 0     1.000000000000
Adsorbate-atom-scaling:  193 0     1.000000000000
Adsorbate-atom-scaling:  194 0     1.000000000000
Adsorbate-atom-scaling:  195 0     1.000000000000
Adsorbate-atom-scaling:  196 0     1.000000000000
Adsorbate-atom-scaling:  197 0     1.000000000000
Adsorbate-atom-scaling:  198 0     1.000000000000
Adsorbate-atom-scaling:  199 0     1.000000000000
Adsorbate-atom-scaling:  200 0     1.000000000000
Adsorbate-atom-scaling:  201 0     1.000000000000
Adsorbate-atom-scaling:  202 0     1.000000000000
Adsorbate-atom-scaling:  203 0     1.000000000000
Adsorbate-atom-scaling:  204 0     1.000000000000
Adsorbate-atom-fixed:    0 0       0 0 0
Adsorbate-atom-fixed:    1 0       0 0 0
Adsorbate-atom-fixed:    2 0       0 0 0
Adsorbate-atom-fixed:    3 0       0 0 0
Adsorbate-atom-fixed:    4 0       0 0 0
Adsorbate-atom-fixed:    5 0       0 0 0
Adsorbate-atom-fixed:    6 0       0 0 0
Adsorbate-atom-fixed:    7 0       0 0 0
Adsorbate-atom-fixed:    8 0       0 0 0
Adsorbate-atom-fixed:    9 0       0 0 0
Adsorbate-atom-fixed:    10 0       0 0 0
Adsorbate-atom-fixed:    11 0       0 0 0
Adsorbate-atom-fixed:    12 0       0 0 0
Adsorbate-atom-fixed:    13 0       0 0 0
Adsorbate-atom-fixed:    14 0       0 0 0
Adsorbate-atom-fixed:    15 0       0 0 0
Adsorbate-atom-fixed:    16 0       0 0 0
Adsorbate-atom-fixed:    17 0       0 0 0
Adsorbate-atom-fixed:    18 0       0 0 0
Adsorbate-atom-fixed:    19 0       0 0 0
Adsorbate-atom-fixed:    20 0       0 0 0
Adsorbate-atom-fixed:    21 0       0 0 0
Adsorbate-atom-fixed:    22 0       0 0 0
Adsorbate-atom-fixed:    23 0       0 0 0
Adsorbate-atom-fixed:    24 0       0 0 0
Adsorbate-atom-fixed:    25 0       0 0 0
Adsorbate-atom-fixed:    26 0       0 0 0
Adsorbate-atom-fixed:    27 0       0 0 0
Adsorbate-atom-fixed:    28 0       0 0 0
Adsorbate-atom-fixed:    29 0       0 0 0
Adsorbate-atom-fixed:    30 0       0 0 0
Adsorbate-atom-fixed:    31 0       0 0 0
Adsorbate-atom-fixed:    32 0       0 0 0
Adsorbate-atom-fixed:    33 0       0 0 0
Adsorbate-atom-fixed:    34 0       0 0 0
Adsorbate-atom-fixed:    35 0       0 0 0
Adsorbate-atom-fixed:    36 0       0 0 0
Adsorbate-atom-fixed:    37 0       0 0 0
Adsorbate-atom-fixed:    38 0       0 0 0
Adsorbate-atom-fixed:    39 0       0 0 0
Adsorbate-atom-fixed:    40 0       0 0 0
Adsorbate-atom-fixed:    41 0       0 0 0
Adsorbate-atom-fixed:    42 0       0 0 0
Adsorbate-atom-fixed:    43 0       0 0 0
Adsorbate-atom-fixed:    44 0       0 0 0
Adsorbate-atom-fixed:    45 0       0 0 0
Adsorbate-atom-fixed:    46 0       0 0 0
Adsorbate-atom-fixed:    47 0       0 0 0
Adsorbate-atom-fixed:    48 0       0 0 0
Adsorbate-atom-fixed:    49 0       0 0 0
Adsorbate-atom-fixed:    50 0       0 0 0
Adsorbate-atom-fixed:    51 0       0 0 0
Adsorbate-atom-fixed:    52 0       0 0 0
Adsorbate-atom-fixed:    53 0       0 0 0
Adsorbate-atom-fixed:    54 0       0 0 0
Adsorbate-atom-fixed:    55 0       0 0 0
Adsorbate-atom-fixed:    56 0       0 0 0
Adsorbate-atom-fixed:    57 0       0 0 0
Adsorbate-atom-fixed:    58 0       0 0 0
Adsorbate-atom-fixed:    59 0       0 0 0
Adsorbate-atom-fixed:    60 0       0 0 0
Adsorbate-atom-fixed:    61 0       0 0 0
Adsorbate-atom-fixed:    62 0       0 0 0
Adsorbate-atom-fixed:    63 0       0 0 0
Adsorbate-atom-fixed:    64 0       0 0 0
Adsorbate-atom-fixed:    65 0       0 0 0
Adsorbate-atom-fixed:    66 0       0 0 0
Adsorbate-atom-fixed:    67 0       0 0 0
Adsorbate-atom-fixed:    68 0       0 0 0
Adsorbate-atom-fixed:    69 0       0 0 0
Adsorbate-atom-fixed:    70 0       0 0 0
Adsorbate-atom-fixed:    71 0       0 0 0
Adsorbate-atom-fixed:    72 0       0 0 0
Adsorbate-atom-fixed:    73 0       0 0 0
Adsorbate-atom-fixed:    74 0       0 0 0
Adsorbate-atom-fixed:    75 0       0 0 0
Adsorbate-atom-fixed:    76 0       0 0 0
Adsorbate-atom-fixed:    77 0       0 0 0
Adsorbate-atom-fixed:    78 0       0 0 0
Adsorbate-atom-fixed:    79 0       0 0 0
Adsorbate-atom-fixed:    80 0       0 0 0
Adsorbate-atom-fixed:    81 0       0 0 0
Adsorbate-atom-fixed:    82 0       0 0 0
Adsorbate-atom-fixed:    83 0       0 0 0
Adsorbate-atom-fixed:    84 0       0 0 0
Adsorbate-atom-fixed:    85 0       0 0 0
Adsorbate-atom-fixed:    86 0       0 0 0
Adsorbate-atom-fixed:    87 0       0 0 0
Adsorbate-atom-fixed:    88 0       0 0 0
Adsorbate-atom-fixed:    89 0       0 0 0
Adsorbate-atom-fixed:    90 0       0 0 0
Adsorbate-atom-fixed:    91 0       0 0 0
Adsorbate-atom-fixed:    92 0       0 0 0
Adsorbate-atom-fixed:    93 0       0 0 0
Adsorbate-atom-fixed:    94 0       0 0 0
Adsorbate-atom-fixed:    95 0       0 0 0
Adsorbate-atom-fixed:    96 0       0 0 0
Adsorbate-atom-fixed:    97 0       0 0 0
Adsorbate-atom-fixed:    98 0       0 0 0
Adsorbate-atom-fixed:    99 0       0 0 0
Adsorbate-atom-fixed:    100 0       0 0 0
Adsorbate-atom-fixed:    101 0       0 0 0
Adsorbate-atom-fixed:    102 0       0 0 0
Adsorbate-atom-fixed:    103 0       0 0 0
Adsorbate-atom-fixed:    104 0       0 0 0
Adsorbate-atom-fixed:    105 0       0 0 0
Adsorbate-atom-fixed:    106 0       0 0 0
Adsorbate-atom-fixed:    107 0       0 0 0
Adsorbate-atom-fixed:    108 0       0 0 0
Adsorbate-atom-fixed:    109 0       0 0 0
Adsorbate-atom-fixed:    110 0       0 0 0
Adsorbate-atom-fixed:    111 0       0 0 0
Adsorbate-atom-fixed:    112 0       0 0 0
Adsorbate-atom-fixed:    113 0       0 0 0
Adsorbate-atom-fixed:    114 0       0 0 0
Adsorbate-atom-fixed:    115 0       0 0 0
Adsorbate-atom-fixed:    116 0       0 0 0
Adsorbate-atom-fixed:    117 0       0 0 0
Adsorbate-atom-fixed:    118 0       0 0 0
Adsorbate-atom-fixed:    119 0       0 0 0
Adsorbate-atom-fixed:    120 0       0 0 0
Adsorbate-atom-fixed:    121 0       0 0 0
Adsorbate-atom-fixed:    122 0       0 0 0
Adsorbate-atom-fixed:    123 0       0 0 0
Adsorbate-atom-fixed:    124 0       0 0 0
Adsorbate-atom-fixed:    125 0       0 0 0
Adsorbate-atom-fixed:    126 0       0 0 0
Adsorbate-atom-fixed:    127 0       0 0 0
Adsorbate-atom-fixed:    128 0       0 0 0
Adsorbate-atom-fixed:    129 0       0 0 0
Adsorbate-atom-fixed:    130 0       0 0 0
Adsorbate-atom-fixed:    131 0       0 0 0
Adsorbate-atom-fixed:    132 0       0 0 0
Adsorbate-atom-fixed:    133 0       0 0 0
Adsorbate-atom-fixed:    134 0       0 0 0
Adsorbate-atom-fixed:    135 0       0 0 0
Adsorbate-atom-fixed:    136 0       0 0 0
Adsorbate-atom-fixed:    137 0       0 0 0
Adsorbate-atom-fixed:    138 0       0 0 0
Adsorbate-atom-fixed:    139 0       0 0 0
Adsorbate-atom-fixed:    140 0       0 0 0
Adsorbate-atom-fixed:    141 0       0 0 0
Adsorbate-atom-fixed:    142 0       0 0 0
Adsorbate-atom-fixed:    143 0       0 0 0
Adsorbate-atom-fixed:    144 0       0 0 0
Adsorbate-atom-fixed:    145 0       0 0 0
Adsorbate-atom-fixed:    146 0       0 0 0
Adsorbate-atom-fixed:    147 0       0 0 0
Adsorbate-atom-fixed:    148 0       0 0 0
Adsorbate-atom-fixed:    149 0       0 0 0
Adsorbate-atom-fixed:    150 0       0 0 0
Adsorbate-atom-fixed:    151 0       0 0 0
Adsorbate-atom-fixed:    152 0       0 0 0
Adsorbate-atom-fixed:    153 0       0 0 0
Adsorbate-atom-fixed:    154 0       0 0 0
Adsorbate-atom-fixed:    155 0       0 0 0
Adsorbate-atom-fixed:    156 0       0 0 0
Adsorbate-atom-fixed:    157 0       0 0 0
Adsorbate-atom-fixed:    158 0       0 0 0
Adsorbate-atom-fixed:    159 0       0 0 0
Adsorbate-atom-fixed:    160 0       0 0 0
Adsorbate-atom-fixed:    161 0       0 0 0
Adsorbate-atom-fixed:    162 0       0 0 0
Adsorbate-atom-fixed:    163 0       0 0 0
Adsorbate-atom-fixed:    164 0       0 0 0
Adsorbate-atom-fixed:    165 0       0 0 0
Adsorbate-atom-fixed:    166 0       0 0 0
Adsorbate-atom-fixed:    167 0       0 0 0
Adsorbate-atom-fixed:    168 0       0 0 0
Adsorbate-atom-fixed:    169 0       0 0 0
Adsorbate-atom-fixed:    170 0       0 0 0
Adsorbate-atom-fixed:    171 0       0 0 0
Adsorbate-atom-fixed:    172 0       0 0 0
Adsorbate-atom-fixed:    173 0       0 0 0
Adsorbate-atom-fixed:    174 0       0 0 0
Adsorbate-atom-fixed:    175 0       0 0 0
Adsorbate-atom-fixed:    176 0       0 0 0
Adsorbate-atom-fixed:    177 0       0 0 0
Adsorbate-atom-fixed:    178 0       0 0 0
Adsorbate-atom-fixed:    179 0       0 0 0
Adsorbate-atom-fixed:    180 0       0 0 0
Adsorbate-atom-fixed:    181 0       0 0 0
Adsorbate-atom-fixed:    182 0       0 0 0
Adsorbate-atom-fixed:    183 0       0 0 0
Adsorbate-atom-fixed:    184 0       0 0 0
Adsorbate-atom-fixed:    185 0       0 0 0
Adsorbate-atom-fixed:    186 0       0 0 0
Adsorbate-atom-fixed:    187 0       0 0 0
Adsorbate-atom-fixed:    188 0       0 0 0
Adsorbate-atom-fixed:    189 0       0 0 0
Adsorbate-atom-fixed:    190 0       0 0 0
Adsorbate-atom-fixed:    191 0       0 0 0
Adsorbate-atom-fixed:    192 0       0 0 0
Adsorbate-atom-fixed:    193 0       0 0 0
Adsorbate-atom-fixed:    194 0       0 0 0
Adsorbate-atom-fixed:    195 0       0 0 0
Adsorbate-atom-fixed:    196 0       0 0 0
Adsorbate-atom-fixed:    197 0       0 0 0
Adsorbate-atom-fixed:    198 0       0 0 0
Adsorbate-atom-fixed:    199 0       0 0 0
Adsorbate-atom-fixed:    200 0       0 0 0
Adsorbate-atom-fixed:    201 0       0 0 0
Adsorbate-atom-fixed:    202 0       0 0 0
Adsorbate-atom-fixed:    203 0       0 0 0
Adsorbate-atom-fixed:    204 0       0 0 0


