Cell info:
========================================================================
number-of-unit-cells: 2 2 2
unit-cell-vector-a:    26.343000000000     0.000000000000     0.000000000000
unit-cell-vector-b:     0.000000000000    26.343000000000     0.000000000000
unit-cell-vector-c:     0.000000000000     0.000000000000    26.343000000000

cell-vector-a:    52.686000000000     0.000000000000     0.000000000000
cell-vector-b:     0.000000000000    52.686000000000     0.000000000000
cell-vector-c:     0.000000000000     0.000000000000    52.686000000000

cell-lengths:    26.343000000000    26.343000000000    26.343000000000
cell-angles:    90.000000000000    90.000000000000    90.000000000000


Maximum changes for MC-moves:
========================================================================
Maximum-volume-change: 0.000500
Maximum-Gibbs-volume-change: 0.000500
Maximum-box-shape-change: 0.100000 0.100000 0.100000, 0.100000 0.100000 0.100000, 0.100000 0.100000 0.100000


Acceptance targets for MC-moves:
========================================================================
Target-volume-change: 0.500000
Target-box-shape-change: 0.500000
Target-Gibbs-volume-change: 0.500000


Components: 1 (Adsorbates 169, Cations 0)
========================================================================
Component 0 (argon)
	Fractional-molecule-id component 0: -1
	Lambda-factors component 0:  0.000000
	Number-of-biasing-factors component 0: 21
	Biasing-factors component 0:  0.000000 0.000000 0.000000 0.000000 0.000000 0.000000 0.000000 0.000000 0.000000 0.000000 0.000000 0.000000 0.000000 0.000000 0.000000 0.000000 0.000000 0.000000 0.000000 0.000000 0.000000
	Maximum-CF-Lambda-change component 0: 0.500000
	Maximum-CBCF-Lambda-change component 0: 0.500000

	Maximum-translation-change component 0: 0.345042,0.368854,0.370464
	Maximum-translation-in-plane-change component 0: 0.000000,0.000000,0.000000
	Maximum-rotation-change component 0: 0.017453 0.017453 0.017453

Reactions: 0

Component: 0     Adsorbate    169 molecules of argon
------------------------------------------------------------------------
Adsorbate-atom-position: 0 0     6.626780939702    20.380214546627    46.101103871149
Adsorbate-atom-position: 1 0    17.566365899925     8.824270317259    30.044805307492
Adsorbate-atom-position: 2 0    19.501185672843    32.888979885971    19.603442276852
Adsorbate-atom-position: 3 0    48.389399081759     8.524497582004     8.779160688661
Adsorbate-atom-position: 4 0    22.231157118021    35.335308822438    17.581859708715
Adsorbate-atom-position: 5 0    48.222821677866    48.137460303874     4.508409780610
Adsorbate-atom-position: 6 0     6.874610199166    33.050692701192    46.363228868293
Adsorbate-atom-position: 7 0    35.482248754998    17.538553575967    21.970436559341
Adsorbate-atom-position: 8 0    48.172087695175    17.652287454275    17.728120151715
Adsorbate-atom-position: 9 0     8.580377839706     8.372851417135    48.155787278463
Adsorbate-atom-position: 10 0    44.307759951860    31.169065996374    44.097004087120
Adsorbate-atom-position: 11 0    19.810460268334    32.526009857646     6.692308887243
Adsorbate-atom-position: 12 0    30.009969453904    29.770412204165    48.604890037168
Adsorbate-atom-position: 13 0    46.545648289372     6.469779944667     6.181509091775
Adsorbate-atom-position: 14 0    18.005989047699     4.290117995794    17.965256866359
Adsorbate-atom-position: 15 0    21.854065149355    21.598832830012     4.403027455076
Adsorbate-atom-position: 16 0    16.847955593389    17.514254591825    48.692678624075
Adsorbate-atom-position: 17 0    32.450687747550    20.141541129116    46.409636158310
Adsorbate-atom-position: 18 0    47.966545294045    44.286373785755    18.166711831712
Adsorbate-atom-position: 19 0    17.153351925796     9.092426860343    22.428193339723
Adsorbate-atom-position: 20 0    21.978159379003    17.625255965596    35.004704087374
Adsorbate-atom-position: 21 0    48.165405425505    43.745512931279    35.232966715575
Adsorbate-atom-position: 22 0    18.704977051422    31.777664040519    45.166574279586
Adsorbate-atom-position: 23 0     8.368502658495    30.952520545999     8.570982660237
Adsorbate-atom-position: 24 0    42.985864574193    49.162092005906    43.698976757701
Adsorbate-atom-position: 25 0     4.056750506532    22.111655240230    48.086242772153
Adsorbate-atom-position: 26 0    48.291953629212    31.198613389703    47.940670164404
Adsorbate-atom-position: 27 0    19.238085458528    19.809389750991     7.045011298227
Adsorbate-atom-position: 28 0    43.887630560042    35.536360983973    21.696981074834
Adsorbate-atom-position: 29 0     6.458612115973    45.647363709959    45.824553400064
Adsorbate-atom-position: 30 0    21.685029513351    31.123193647902    31.029353615443
Adsorbate-atom-position: 31 0    19.420001572005    46.276914217739    32.875338471157
Adsorbate-atom-position: 32 0    33.374642607144     6.607644658013     6.436819922200
Adsorbate-atom-position: 33 0    34.817087096841     8.386066527092    48.002257285447
Adsorbate-atom-position: 34 0    31.953898250586    19.725261470743     6.766953644226
Adsorbate-atom-position: 35 0    47.726429179251    34.807651273725    34.711129615805
Adsorbate-atom-position: 36 0    46.257698604451    32.688582293113     7.315450448696
Adsorbate-atom-position: 37 0    24.446837718945    13.315427515331     5.585028217159
Adsorbate-atom-position: 38 0    46.488808847170    33.730331474243    46.077975910523
Adsorbate-atom-position: 39 0    21.128373204983    31.486627555959    47.646548268586
Adsorbate-atom-position: 40 0    32.483928275083    20.122016310506    32.152380203779
Adsorbate-atom-position: 41 0    44.447451426659    44.147479456464    21.663762458510
Adsorbate-atom-position: 42 0     8.782223843060    36.486655296392    49.470359159196
Adsorbate-atom-position: 43 0    32.076317605038     6.343170029378    20.297127001859
Adsorbate-atom-position: 44 0    48.675982191849    30.537279853631    30.321926296873
Adsorbate-atom-position: 45 0     4.306483474021    31.032390463784    47.955662172091
Adsorbate-atom-position: 46 0    45.771264067177     7.070904819553    47.001090024966
Adsorbate-atom-position: 47 0     4.025622902236    43.774490807257    35.423141176168
Adsorbate-atom-position: 48 0     5.817921334904    32.725018294938    19.236730767655
Adsorbate-atom-position: 49 0     8.611182399535    21.682983633937    17.905409267157
Adsorbate-atom-position: 50 0     3.756013363745    43.509208574313    17.574543839108
Adsorbate-atom-position: 51 0    35.497315572475     3.690421424687     8.956068185820
Adsorbate-atom-position: 52 0    21.513406606540    44.401625749658    44.040119177806
Adsorbate-atom-position: 53 0     5.059589270636    47.539673313824    21.256262477948
Adsorbate-atom-position: 54 0    31.100289090737    21.754906810920    21.949370935831
Adsorbate-atom-position: 55 0     4.449908270632     8.880629982124    17.575042074639
Adsorbate-atom-position: 56 0    30.856347782734     8.622998227143    43.684781790326
Adsorbate-atom-position: 57 0    18.334572287173    47.317998620695    44.196616007133
Adsorbate-atom-position: 58 0     7.526614072968    33.694046078593    31.954925161896
Adsorbate-atom-position: 59 0    35.450965537062    22.382780096715    17.602197738334
Adsorbate-atom-position: 60 0     4.579191010387     3.665055066041     3.960259092956
Adsorbate-atom-position: 61 0    33.374551221888     5.917869411932    45.305962869985
Adsorbate-atom-position: 62 0     6.114550186417     6.007834314269    46.708764200486
Adsorbate-atom-position: 63 0    17.779299885135    21.693036994267    35.420718902421
Adsorbate-atom-position: 64 0    33.632582397431    32.800576995873    33.741939145642
Adsorbate-atom-position: 65 0    17.396595325883    30.754924425032    17.539202405276
Adsorbate-atom-position: 66 0    48.619450971740    35.759575122990    43.493314167222
Adsorbate-atom-position: 67 0    30.560030072380    30.767024876371    22.068462754594
Adsorbate-atom-position: 68 0    43.394547495387    23.211236429566     9.207251361711
Adsorbate-atom-position: 69 0    33.728763374751     7.542154673631    32.118430982091
Adsorbate-atom-position: 70 0    48.120636367504     8.703426150956    17.772440987900
Adsorbate-atom-position: 71 0    19.416663457318     6.771429822750    19.969519844797
Adsorbate-atom-position: 72 0     8.908237056819    44.038091560587    48.082099224548
Adsorbate-atom-position: 73 0     7.355897640608    45.991440866303     6.678853577315
Adsorbate-atom-position: 74 0     5.899454062255    32.396642836539     6.061397137682
Adsorbate-atom-position: 75 0    30.735158323087    48.722479035372    22.403147397506
Adsorbate-atom-position: 76 0    32.620357111427    45.360192178515    45.938522228437
Adsorbate-atom-position: 77 0    46.676796924029    19.563271702347     6.594803808437
Adsorbate-atom-position: 78 0     0.058557649776    31.529485757434    14.943129288027
Adsorbate-atom-position: 79 0     6.518098494034    45.397564514616    32.437598869824
Adsorbate-atom-position: 80 0    20.299657346162    33.275488221914    33.757693736751
Adsorbate-atom-position: 81 0     8.622521449176    22.116946110418     8.886685306537
Adsorbate-atom-position: 82 0    32.764508103225    45.791105553122    20.482120596542
Adsorbate-atom-position: 83 0    31.182974810506    34.683402464343    17.710958394249
Adsorbate-atom-position: 84 0    20.374943741498    20.371992381929    32.829740191297
Adsorbate-atom-position: 85 0    21.939670538301     4.411157633151    21.833430968647
Adsorbate-atom-position: 86 0     8.004783150339     7.689356015394    31.788778622907
Adsorbate-atom-position: 87 0    43.116193797807     9.166207488266     4.192084654275
Adsorbate-atom-position: 88 0     4.498077996351     4.797176113725    21.726721327198
Adsorbate-atom-position: 89 0    19.439907509291    20.497456365849    19.254764047055
Adsorbate-atom-position: 90 0    45.307259516298    46.859984825242    45.517405124330
Adsorbate-atom-position: 91 0    19.202701728923    45.282038666320    47.048244293549
Adsorbate-atom-position: 92 0     8.963292075372    48.263943783956     9.077062605515
Adsorbate-atom-position: 93 0    32.353209846325    46.344285980231    32.029686458450
Adsorbate-atom-position: 94 0    48.718067401676    16.750541280843    35.388941498934
Adsorbate-atom-position: 95 0     8.851345469425    17.287756201468    22.181165114304
Adsorbate-atom-position: 96 0     8.383370550388     4.420957208255    17.258118839163
Adsorbate-atom-position: 97 0    43.945099269275    17.078625744843    30.947616543758
Adsorbate-atom-position: 98 0    19.294227387589     6.212615493544     6.561642904836
Adsorbate-atom-position: 99 0    48.957992040477     9.136179337387    35.216528746906
Adsorbate-atom-position: 100 0    30.907449863422     8.523684404000    34.835426920207
Adsorbate-atom-position: 101 0    45.697521778193     7.436190526044    20.221629454358
Adsorbate-atom-position: 102 0     6.865756917485     6.342771842448     7.671776952432
Adsorbate-atom-position: 103 0    45.185328842487    32.250507039760    33.321334617443
Adsorbate-atom-position: 104 0     5.919568227776    19.264598374608    18.564251519041
Adsorbate-atom-position: 105 0    48.348747447553    17.246478750890     9.019370740418
Adsorbate-atom-position: 106 0    44.049320913972    35.072010971614     4.466009045360
Adsorbate-atom-position: 107 0    20.163239322304    46.004515577759     6.462661149330
Adsorbate-atom-position: 108 0    30.470283638951    34.887495046881    43.992483112217
Adsorbate-atom-position: 109 0    33.682440169471    33.497800932302     6.602328393220
Adsorbate-atom-position: 110 0     3.791595249496    22.055794846117     4.176891291809
Adsorbate-atom-position: 111 0     4.984947112237    34.313070029881    34.405242107145
Adsorbate-atom-position: 112 0    30.824357855710    17.661389069877    17.651497433859
Adsorbate-atom-position: 113 0    46.779713883846    46.533621781067    32.612707114786
Adsorbate-atom-position: 114 0    33.406605875493    19.931600751264    18.589867063109
Adsorbate-atom-position: 115 0     3.637084585752    48.266122873623    30.362336158597
Adsorbate-atom-position: 116 0     7.429137083286    20.670584349215    33.911482079335
Adsorbate-atom-position: 117 0    34.867762905537    43.777939774864    30.562239711853
Adsorbate-atom-position: 118 0    35.126532963751     4.311225154718    35.562670343536
Adsorbate-atom-position: 119 0     4.836940143734    21.708592588944    21.613077911219
Adsorbate-atom-position: 120 0    35.208359682371    30.610286065333     8.680098570948
Adsorbate-atom-position: 121 0    17.009398483592    17.048962163703    29.760464400514
Adsorbate-atom-position: 122 0    20.053610472827     6.722691421443    46.427096468029
Adsorbate-atom-position: 123 0     8.774113102239    35.243661384046     4.592013781689
Adsorbate-atom-position: 124 0    45.895988836627    19.663624321947    20.617246822277
Adsorbate-atom-position: 125 0    34.946985356798    17.948927648116     4.614437560654
Adsorbate-atom-position: 126 0    18.726608422240    20.509012490735    45.322258676016
Adsorbate-atom-position: 127 0    46.883385153874    20.484837890917    46.684995368526
Adsorbate-atom-position: 128 0    17.917679784999    43.975123681108     4.306560968515
Adsorbate-atom-position: 129 0    17.652460097571    35.020489563915    30.645418548641
Adsorbate-atom-position: 130 0    44.379508197152    44.354330964523    31.342900068984
Adsorbate-atom-position: 131 0    35.219488263562    48.514790665160    17.421673779251
Adsorbate-atom-position: 132 0    33.956926400148    32.811111004995    19.344631618942
Adsorbate-atom-position: 133 0    34.821271254746    48.233804977163    34.721842504894
Adsorbate-atom-position: 134 0     7.355198087772     6.980881147897    20.407790458820
Adsorbate-atom-position: 135 0    48.458177861719     4.567096179059    48.117566754883
Adsorbate-atom-position: 136 0    46.658835087618    19.370420564260    33.479752014235
Adsorbate-atom-position: 137 0    33.265896802533    32.106042971788    45.500760436098
Adsorbate-atom-position: 138 0     4.423409070918     8.704176214923    44.283599331600
Adsorbate-atom-position: 139 0    19.570683351592    47.320695772681    19.614090820229
Adsorbate-atom-position: 140 0    33.580913203420    46.490298186659     6.936042306904
Adsorbate-atom-position: 141 0    43.824932220026     4.269906617616    17.394161892866
Adsorbate-atom-position: 142 0    44.519630473685    47.765012852041    18.035026354787
Adsorbate-atom-position: 143 0    47.865123392589    31.599094116351    21.120796007296
Adsorbate-atom-position: 144 0    46.745681060992     5.720617485318    32.382988822464
Adsorbate-atom-position: 145 0    21.644587891317    34.778985921372    44.183704056293
Adsorbate-atom-position: 146 0     8.783107366381     4.415048874055    44.225546031849
Adsorbate-atom-position: 147 0    46.977021672725    34.138626554930    18.885308572642
Adsorbate-atom-position: 148 0    30.844355735130    30.954799550452     4.700397550232
Adsorbate-atom-position: 149 0    44.486081418924    47.799762543846     8.326722999064
Adsorbate-atom-position: 150 0     4.239141142888    48.039158210906    48.017118878764
Adsorbate-atom-position: 151 0    30.810265125228    35.169906265177     8.989056403759
Adsorbate-atom-position: 152 0    19.595574925692     7.534346472556    32.810357629319
Adsorbate-atom-position: 153 0    46.448643392950    45.358769520011     6.819603622212
Adsorbate-atom-position: 154 0    18.274739526092    34.520513742388    47.424817575163
Adsorbate-atom-position: 155 0     9.338214657721    30.461462009334    44.006236569003
Adsorbate-atom-position: 156 0     5.837902837246    19.611607363962     6.766841171251
Adsorbate-atom-position: 157 0    35.238278753624     8.715636729239    22.172937723004
Adsorbate-atom-position: 158 0    44.114294419162    31.120190592349    17.741091378937
Adsorbate-atom-position: 159 0    43.790879415072    35.429373949161    30.838646488102
Adsorbate-atom-position: 160 0    31.127824197619     8.287954837220     8.198815703970
Adsorbate-atom-position: 161 0     8.739365414045    44.199117997282    21.920964425594
Adsorbate-atom-position: 162 0    22.408663352257    35.493691559420    35.768037850363
Adsorbate-atom-position: 163 0    48.242120941468    22.097178685660     4.344608074966
Adsorbate-atom-position: 164 0    35.939938177137    35.615750393340    30.056642718420
Adsorbate-atom-position: 165 0     1.498900569273    45.479465758160    27.103887065413
Adsorbate-atom-position: 166 0    29.683907667291    48.522667591816    29.716238352841
Adsorbate-atom-position: 167 0    43.789485297953     4.273227022713    35.938138153570
Adsorbate-atom-position: 168 0    22.680272924162     4.354255103971     3.698577920561
Adsorbate-atom-velocity: 0 0     3.216568909199    -1.531617105267    -1.445493062754
Adsorbate-atom-velocity: 1 0     1.796008911904     1.819769334048    -1.104038170043
Adsorbate-atom-velocity: 2 0     1.106257104592    -1.030186123847     0.368543371923
Adsorbate-atom-velocity: 3 0    -0.710574852757    -0.435761580137    -0.124122996708
Adsorbate-atom-velocity: 4 0    -1.310841801140    -2.379679907340     1.218844854048
Adsorbate-atom-velocity: 5 0     0.161907939110    -2.727494283877    -1.073450463821
Adsorbate-atom-velocity: 6 0     0.143999789755     1.116092016724    -0.547442508045
Adsorbate-atom-velocity: 7 0     1.747379088075    -1.250560959267     1.420406663027
Adsorbate-atom-velocity: 8 0     0.788847144020    -0.037525790013     1.164739181725
Adsorbate-atom-velocity: 9 0    -1.026874632877     0.593120552908     0.485248857688
Adsorbate-atom-velocity: 10 0    -0.166386098988     0.210863760558     1.425352310394
Adsorbate-atom-velocity: 11 0     1.763024505237     1.020723042968    -0.319600262837
Adsorbate-atom-velocity: 12 0    -0.153137682328     0.542499350797    -1.043786609383
Adsorbate-atom-velocity: 13 0     0.662027391610     0.325360385764     0.978015151539
Adsorbate-atom-velocity: 14 0    -1.657324520095     3.444433161536     0.158688720801
Adsorbate-atom-velocity: 15 0    -1.874563964323    -0.744731830245    -0.496734972853
Adsorbate-atom-velocity: 16 0     1.190596519658    -0.337723999823    -0.032793579918
Adsorbate-atom-velocity: 17 0    -1.226511073318     0.612452550448     0.191157068126
Adsorbate-atom-velocity: 18 0    -1.363336157785    -0.388271611431    -4.078517684187
Adsorbate-atom-velocity: 19 0     0.991544145681     0.161664980098     0.211567679038
Adsorbate-atom-velocity: 20 0     2.446876310014    -2.892290702140     1.856765886276
Adsorbate-atom-velocity: 21 0    -3.058875867950    -0.462500627386    -0.187678447011
Adsorbate-atom-velocity: 22 0    -0.575764343705     0.383519980093     0.804675982982
Adsorbate-atom-velocity: 23 0     1.001667359776    -1.272355521286    -1.183367599728
Adsorbate-atom-velocity: 24 0    -0.083740214536     0.604160028145     0.354177665899
Adsorbate-atom-velocity: 25 0    -0.390741154592     0.840947878004     1.023992809919
Adsorbate-atom-velocity: 26 0    -0.723524954422     0.199716437775    -0.635481617865
Adsorbate-atom-velocity: 27 0    -1.433776806990    -0.636777352621     0.185839032904
Adsorbate-atom-velocity: 28 0     1.107647653739     0.373683746596    -0.532465214498
Adsorbate-atom-velocity: 29 0    -0.352041965762     0.939153751068     0.518507261637
Adsorbate-atom-velocity: 30 0    -0.427119598048     1.174520492906    -1.416232628825
Adsorbate-atom-velocity: 31 0     0.385684173560    -0.236739019490    -1.342570293039
Adsorbate-atom-velocity: 32 0     0.033712285806    -1.903885356285    -0.454638361895
Adsorbate-atom-velocity: 33 0    -0.640873204059     0.937714815665     1.776022158436
Adsorbate-atom-velocity: 34 0    -0.585693092956     1.261603715591     0.895225590583
Adsorbate-atom-velocity: 35 0    -2.020642658958    -1.797965047647     0.164126564999
Adsorbate-atom-velocity: 36 0    -1.883729612862    -1.051021359813     0.425716793772
Adsorbate-atom-velocity: 37 0     0.937025145023     0.995560144526     0.362693538357
Adsorbate-atom-velocity: 38 0    -0.718571410952    -0.455593376848    -0.838063191986
Adsorbate-atom-velocity: 39 0     1.621377154213    -0.917157746628    -3.745586655352
Adsorbate-atom-velocity: 40 0    -0.634610910419    -2.183213778813     1.385492810765
Adsorbate-atom-velocity: 41 0     0.485948553720    -1.752585734375     0.438455324541
Adsorbate-atom-velocity: 42 0     1.300584358519    -0.260900398423     2.564337202690
Adsorbate-atom-velocity: 43 0     2.025052345463     0.154764528297    -1.474555349201
Adsorbate-atom-velocity: 44 0    -1.070736053127    -1.678757826247     1.119284026631
Adsorbate-atom-velocity: 45 0    -1.013365201755    -0.783698775043     0.352099658137
Adsorbate-atom-velocity: 46 0    -0.791861406159    -2.275515933535     0.225853348145
Adsorbate-atom-velocity: 47 0     0.733133069202    -1.314113413013     1.283384695875
Adsorbate-atom-velocity: 48 0    -0.130258063985    -0.101906965926     0.356640557128
Adsorbate-atom-velocity: 49 0    -1.208972534881     0.868829271963     0.273723497650
Adsorbate-atom-velocity: 50 0    -0.504829294098    -0.475696864213     1.163847229027
Adsorbate-atom-velocity: 51 0     1.215928308169    -0.496920837910    -2.177663506704
Adsorbate-atom-velocity: 52 0    -0.598375841585     1.159585572050     0.969895948699
Adsorbate-atom-velocity: 53 0     2.130160910697    -0.228517865857    -0.057201181088
Adsorbate-atom-velocity: 54 0    -0.763809576559     0.681068985065     0.390109214602
Adsorbate-atom-velocity: 55 0    -2.571930953123    -0.053618747091    -0.488822295569
Adsorbate-atom-velocity: 56 0     0.249431493741     1.184278109412    -3.113693116440
Adsorbate-atom-velocity: 57 0    -2.661029592132     2.013029504571    -0.466902314254
Adsorbate-atom-velocity: 58 0    -2.877889069899     1.619647226597     0.372808221619
Adsorbate-atom-velocity: 59 0    -0.345669197084    -0.746581263770    -2.254558531447
Adsorbate-atom-velocity: 60 0    -0.665537092779     0.380816220493     0.830528856205
Adsorbate-atom-velocity: 61 0     1.756987258958     0.522640818316    -1.017899562884
Adsorbate-atom-velocity: 62 0    -0.629177417015    -0.354271615111    -1.435358672631
Adsorbate-atom-velocity: 63 0    -0.292578396096    -1.786805286697     0.075255523724
Adsorbate-atom-velocity: 64 0     1.045793388289     0.262490719705     1.897361290295
Adsorbate-atom-velocity: 65 0     0.190088305682     1.411058582374     0.262644680067
Adsorbate-atom-velocity: 66 0     2.113193655198     0.297807663963     0.964389573663
Adsorbate-atom-velocity: 67 0    -0.649479264912     0.134563268192    -2.427884982970
Adsorbate-atom-velocity: 68 0    -1.714578858300     1.843830375828     0.851428464003
Adsorbate-atom-velocity: 69 0    -0.580731748255     1.132298309952     1.600879726965
Adsorbate-atom-velocity: 70 0    -1.071933542779     1.587007592210    -1.627480537873
Adsorbate-atom-velocity: 71 0    -0.817905600266     1.530357419877    -2.121177593415
Adsorbate-atom-velocity: 72 0    -1.496714294796     2.526180202983     1.366831043790
Adsorbate-atom-velocity: 73 0     0.237861596946     1.306166159960     0.741763340245
Adsorbate-atom-velocity: 74 0     1.515350570632     2.254341635719    -0.241442418323
Adsorbate-atom-velocity: 75 0    -1.154307047571    -0.786788574010    -1.231737986371
Adsorbate-atom-velocity: 76 0    -1.883692062798     2.624485633823    -0.801365196872
Adsorbate-atom-velocity: 77 0     0.816069629650     2.061142934690    -0.502206151501
Adsorbate-atom-velocity: 78 0     0.691019698839     1.059489042687    -2.439900805185
Adsorbate-atom-velocity: 79 0     0.038433874558     3.711419808517     0.420857143153
Adsorbate-atom-velocity: 80 0     0.502905632649     0.713739802278     1.230064981523
Adsorbate-atom-velocity: 81 0    -1.267041625694     1.350218969725     0.674082503792
Adsorbate-atom-velocity: 82 0    -1.438001141322    -1.258635812944     0.169093086834
Adsorbate-atom-velocity: 83 0     2.888984288448    -1.754132400662     1.115778206445
Adsorbate-atom-velocity: 84 0     0.172701210197     1.859186339024    -1.485064959827
Adsorbate-atom-velocity: 85 0    -0.821060949381     0.194376549763    -2.707380617896
Adsorbate-atom-velocity: 86 0     1.228316840780     2.695821754328    -1.417857987873
Adsorbate-atom-velocity: 87 0    -1.944291127849     1.694363170454    -0.115116484717
Adsorbate-atom-velocity: 88 0     0.602940804112    -0.570345497433     0.371227867058
Adsorbate-atom-velocity: 89 0     0.828232325848     0.657885851680     1.202999764321
Adsorbate-atom-velocity: 90 0     2.211066129868    -0.044940409703    -0.833817266507
Adsorbate-atom-velocity: 91 0     1.570092153633    -0.582146439951     0.682137975118
Adsorbate-atom-velocity: 92 0    -0.027238831452    -0.441973266120    -2.121616656542
Adsorbate-atom-velocity: 93 0     1.544491756231    -0.170566526631    -2.234362848682
Adsorbate-atom-velocity: 94 0     0.732606224262     0.243945827343     1.585002771810
Adsorbate-atom-velocity: 95 0    -0.838736258815     2.106406507160     0.901998781662
Adsorbate-atom-velocity: 96 0    -1.533666213841    -1.157349138640    -1.659894443474
Adsorbate-atom-velocity: 97 0     1.305952759775    -0.128618656045     0.376473799101
Adsorbate-atom-velocity: 98 0     0.416414791200    -0.029026443777     0.690449853555
Adsorbate-atom-velocity: 99 0     1.593782867509     1.841849487100    -0.291312556996
Adsorbate-atom-velocity: 100 0    -1.906112251660    -1.261656930007    -0.904069495293
Adsorbate-atom-velocity: 101 0     1.304129290410    -0.883367498064     1.872991786845
Adsorbate-atom-velocity: 102 0    -0.172349259427     0.403182072119     0.898323736645
Adsorbate-atom-velocity: 103 0     0.278641730329     0.909995834886     0.340497565396
Adsorbate-atom-velocity: 104 0    -1.293152470992     0.132999227634    -1.051853597125
Adsorbate-atom-velocity: 105 0    -0.329897117411     0.997300391552    -0.784576502610
Adsorbate-atom-velocity: 106 0    -1.198584057128    -0.599985810096    -0.625981667526
Adsorbate-atom-velocity: 107 0    -2.471479799233    -4.066355530759     1.291368474954
Adsorbate-atom-velocity: 108 0    -0.254815509744     3.106700460594    -1.757097775165
Adsorbate-atom-velocity: 109 0     0.068186584330    -0.739035317763    -0.874453152699
Adsorbate-atom-velocity: 110 0     0.663874208916    -2.369071572985    -1.967085316783
Adsorbate-atom-velocity: 111 0    -0.297334987034     0.579999801064     2.022542719757
Adsorbate-atom-velocity: 112 0    -1.820117944096    -0.103651122482     0.942615267651
Adsorbate-atom-velocity: 113 0    -0.762516534050    -0.717632898447     1.427434511533
Adsorbate-atom-velocity: 114 0     0.575556693064     0.767495252228    -1.437873521674
Adsorbate-atom-velocity: 115 0    -1.348570385235     0.573616287192    -1.443841763779
Adsorbate-atom-velocity: 116 0    -0.660569716234    -4.070309230589     0.850731086632
Adsorbate-atom-velocity: 117 0    -1.148558635149    -0.436657743846     0.844447637614
Adsorbate-atom-velocity: 118 0    -1.245577643988     1.219036723722     1.192561903312
Adsorbate-atom-velocity: 119 0     1.574882609923     0.151184835375    -0.135786582771
Adsorbate-atom-velocity: 120 0    -1.101774267929    -0.810477463216     1.134592223237
Adsorbate-atom-velocity: 121 0     0.456027739883    -3.080065798328     0.163328698110
Adsorbate-atom-velocity: 122 0     1.804130198725    -3.376726022421    -0.982462738357
Adsorbate-atom-velocity: 123 0     0.214771073578     0.577255492123    -0.993749958861
Adsorbate-atom-velocity: 124 0     1.636732645030     0.405875423489     1.659753365396
Adsorbate-atom-velocity: 125 0    -2.966369159899     0.564288655486     1.303533982038
Adsorbate-atom-velocity: 126 0    -0.087420774423    -2.029801765722    -1.099709632637
Adsorbate-atom-velocity: 127 0     1.377802330735    -1.300784593087    -0.165178932709
Adsorbate-atom-velocity: 128 0     2.725190497618    -0.421953020282    -1.175038724534
Adsorbate-atom-velocity: 129 0     0.240949025723    -0.658196455529     0.183306112351
Adsorbate-atom-velocity: 130 0     2.574610994406    -0.712655046477    -1.566277776362
Adsorbate-atom-velocity: 131 0     0.735297883234    -0.522217722185     0.740725288525
Adsorbate-atom-velocity: 132 0     0.083870537628     0.916792829439     1.760467667549
Adsorbate-atom-velocity: 133 0     1.772687466178     2.019210782062    -1.005055735538
Adsorbate-atom-velocity: 134 0     1.259313152524    -1.648287156539    -0.534403983589
Adsorbate-atom-velocity: 135 0     1.494774244812     0.859021983715     2.864235122672
Adsorbate-atom-velocity: 136 0    -1.661735998693    -0.484542312271    -0.812848701575
Adsorbate-atom-velocity: 137 0    -1.490360751403     0.311762440044    -0.462774905043
Adsorbate-atom-velocity: 138 0     0.476271868661    -0.098901428879    -0.514074779300
Adsorbate-atom-velocity: 139 0     0.911397172024    -0.404804412455     0.382018368767
Adsorbate-atom-velocity: 140 0    -0.657151309549     0.310040672198    -0.430021924055
Adsorbate-atom-velocity: 141 0    -1.350807967124    -0.136932993173     1.742476015486
Adsorbate-atom-velocity: 142 0    -2.323270877771    -1.349266345204    -0.406411063294
Adsorbate-atom-velocity: 143 0    -0.477519653123    -0.090697233783     0.343412046164
Adsorbate-atom-velocity: 144 0     2.381522196345     0.298758694225     1.650504296682
Adsorbate-atom-velocity: 145 0     0.277101141212     0.292513309443    -2.646799262980
Adsorbate-atom-velocity: 146 0     3.696791217646     0.901832156041     0.122918716267
Adsorbate-atom-velocity: 147 0     0.437106572645     1.146759001509     1.303556372938
Adsorbate-atom-velocity: 148 0    -0.263596633365     0.976411091049     2.748630131675
Adsorbate-atom-velocity: 149 0     1.253524098219    -1.508647605912    -1.701692951063
Adsorbate-atom-velocity: 150 0    -1.112315021292    -1.477465417192    -0.989765581338
Adsorbate-atom-velocity: 151 0     0.342699493328     0.054153638715    -3.379494890389
Adsorbate-atom-velocity: 152 0     0.428028207883     1.049005985494     0.792911766062
Adsorbate-atom-velocity: 153 0     0.451534915593    -0.613879855033    -2.794667278407
Adsorbate-atom-velocity: 154 0     0.515833497024     0.283804916322     2.477571292118
Adsorbate-atom-velocity: 155 0     2.074657431784     0.328318950894    -0.082843771589
Adsorbate-atom-velocity: 156 0     0.093822957273     0.476649123412     0.803583891672
Adsorbate-atom-velocity: 157 0     0.485862397312     0.743537820547    -0.328777063926
Adsorbate-atom-velocity: 158 0     2.927380299472    -0.816675024588     0.164438702471
Adsorbate-atom-velocity: 159 0    -3.068579810214    -1.360536991281    -2.159113518197
Adsorbate-atom-velocity: 160 0    -1.560360488314    -0.609807376368    -0.896893344064
Adsorbate-atom-velocity: 161 0     1.196237712270    -0.839242151635     1.100761837116
Adsorbate-atom-velocity: 162 0    -0.312324790974     0.332075612354     0.160731756047
Adsorbate-atom-velocity: 163 0    -0.018465290074     0.723980199940     0.019394749401
Adsorbate-atom-velocity: 164 0     1.172748046021    -0.382736913019     1.703888479694
Adsorbate-atom-velocity: 165 0     0.542057493931     1.082203970848     0.449460739886
Adsorbate-atom-velocity: 166 0     0.571844958637     0.337398523157    -0.512661177303
Adsorbate-atom-velocity: 167 0     0.879629280423     2.275548549864    -0.060629246898
Adsorbate-atom-velocity: 168 0     0.923988264867     2.277253438171     0.264610675220
Adsorbate-atom-force:    0 0    59.056642360950   -70.806773951450   -67.220573261937
Adsorbate-atom-force:    1 0  -355.358017462773   229.781632558545   407.051155508707
Adsorbate-atom-force:    2 0   116.921033268091   110.078050840743    41.236369340153
Adsorbate-atom-force:    3 0  -262.878686652718   484.439380268914  -163.112133392399
Adsorbate-atom-force:    4 0  -243.960658977389  -195.756452503326  -112.212488282320
Adsorbate-atom-force:    5 0  -139.020089226116    15.929401093112    74.828860341261
Adsorbate-atom-force:    6 0   173.727467338386    94.658712057389   -68.800694544087
Adsorbate-atom-force:    7 0  -301.189938490078    -2.192692282649     2.062278764428
Adsorbate-atom-force:    8 0   -66.673683887709   116.271429389852   -10.347318877795
Adsorbate-atom-force:    9 0  -136.271357924708   541.659643229495  -257.359000673943
Adsorbate-atom-force:    10 0   -82.622411179460  -224.971578519680   347.272787110862
Adsorbate-atom-force:    11 0   -21.065485831882    -3.697835957366   -14.584754806654
Adsorbate-atom-force:    12 0   199.286291462214   227.809800019490  -124.049412959954
Adsorbate-atom-force:    13 0   -62.210551122111   -53.327417909505    -6.911888031326
Adsorbate-atom-force:    14 0  -717.005772521021   344.432369665280  -537.514393974227
Adsorbate-atom-force:    15 0  -239.851785709210   565.949059689474   340.707313782390
Adsorbate-atom-force:    16 0   307.405797760242  -192.285984923037  -159.344115350021
Adsorbate-atom-force:    17 0    -3.557753736509    16.498279514440    41.625146520024
Adsorbate-atom-force:    18 0  -403.642267641967   287.103642525230  -649.127199586512
Adsorbate-atom-force:    19 0   201.300923677292  -167.707277382797  -221.435304275159
Adsorbate-atom-force:    20 0  -164.669623150984    47.907491383869    70.302397386807
Adsorbate-atom-force:    21 0   228.282907140367   244.861370883578  -213.891747065840
Adsorbate-atom-force:    22 0   -97.785874513672   179.461477660860  -664.974489130608
Adsorbate-atom-force:    23 0   422.652742655011   180.306735013523  -193.439901231822
Adsorbate-atom-force:    24 0   167.788340658154  -155.713085827605    -7.596391988571
Adsorbate-atom-force:    25 0   270.784666072208  -159.473638568522   707.044518891831
Adsorbate-atom-force:    26 0  -447.245687201496  -736.834611922395   124.729088485153
Adsorbate-atom-force:    27 0   122.472662457995   156.606366053057  -123.977895379751
Adsorbate-atom-force:    28 0   154.861893663211  -534.563398251003   750.527190910262
Adsorbate-atom-force:    29 0  -119.893307498190    60.756087659890   -25.579891002639
Adsorbate-atom-force:    30 0  -116.829188433250  -219.573189015866    34.383248802127
Adsorbate-atom-force:    31 0    -0.341606095076   -11.682056155306    26.318015523593
Adsorbate-atom-force:    32 0   798.434517161140  -587.326402966726  -553.961470965833
Adsorbate-atom-force:    33 0   -91.726162796812   160.525049825900  -134.193026352192
Adsorbate-atom-force:    34 0   316.162591810838  -179.497633759745  -168.061176070325
Adsorbate-atom-force:    35 0   480.091784429566  -334.142083494175  -164.058242093234
Adsorbate-atom-force:    36 0  -243.240757699379   238.393602114552  -230.869632859051
Adsorbate-atom-force:    37 0   389.215963571574  -152.407991015618  -122.337585879834
Adsorbate-atom-force:    38 0  -297.956281678294  -117.239100352905  -376.966283772341
Adsorbate-atom-force:    39 0   501.468656009278   100.080465633001   -24.245263582794
Adsorbate-atom-force:    40 0     9.784108544806    73.635259611011    98.008823155552
Adsorbate-atom-force:    41 0  -708.058423986765   368.601762297062  -326.744856048142
Adsorbate-atom-force:    42 0   345.095909516068  -236.938690082064   -68.668445334388
Adsorbate-atom-force:    43 0   281.537873291387  -210.372897948910  -159.173118151370
Adsorbate-atom-force:    44 0  -198.259007652528    80.520326468155   207.890523288403
Adsorbate-atom-force:    45 0   341.366271702961  -279.340915747968   435.094393381111
Adsorbate-atom-force:    46 0  -147.745498825325   -98.407153502264  -199.174972445980
Adsorbate-atom-force:    47 0   218.365374824582    42.334537544339  -200.774174463734
Adsorbate-atom-force:    48 0   609.508794989672   617.129978614128   609.181141178398
Adsorbate-atom-force:    49 0  -133.989984580782    54.388670509278  -211.211457224036
Adsorbate-atom-force:    50 0   296.243142597304   172.105186648419  -302.709992522397
Adsorbate-atom-force:    51 0  -162.127946045235   296.134742424907   -26.170767872988
Adsorbate-atom-force:    52 0    69.206830850679  -372.339360236140   483.928226717710
Adsorbate-atom-force:    53 0   170.723138376410    90.187379951752   -81.791046629741
Adsorbate-atom-force:    54 0  -477.394895909178  -122.635735383606  -408.210664659046
Adsorbate-atom-force:    55 0    -2.382566354751  -205.436397339359    77.574496142951
Adsorbate-atom-force:    56 0   -61.746637533082   165.182182436469   356.494485684211
Adsorbate-atom-force:    57 0   488.365139301435  1621.722924087063  1074.592664382987
Adsorbate-atom-force:    58 0     1.815270017192   135.157039428796    34.418753512732
Adsorbate-atom-force:    59 0   396.361208133273   458.841435712625  -556.775688931242
Adsorbate-atom-force:    60 0 -1085.108465814073   479.526443739356   188.820075012600
Adsorbate-atom-force:    61 0   140.214625707920   167.024111109405   144.766130063490
Adsorbate-atom-force:    62 0   -90.606630340069   -19.104218514584  -112.542562078334
Adsorbate-atom-force:    63 0  -221.688104285559   405.843570445751  -544.050609004782
Adsorbate-atom-force:    64 0  -451.128651860264  -493.541487732115  -493.092824220776
Adsorbate-atom-force:    65 0    97.928327865770  -120.404372229866   -51.708568349504
Adsorbate-atom-force:    66 0  -145.043800298729  -236.430834116251   182.698222122159
Adsorbate-atom-force:    67 0   197.844083390922   -68.015443451838  -150.762326553415
Adsorbate-atom-force:    68 0    99.359134877521  -281.218518432604   -70.169214408646
Adsorbate-atom-force:    69 0    -6.639989464677  -166.928903827650    63.503785266584
Adsorbate-atom-force:    70 0    81.987783447023  -115.677970570211  -174.962678633105
Adsorbate-atom-force:    71 0   145.107454162118   335.431343453003   319.352347080362
Adsorbate-atom-force:    72 0  -251.334196246226   -68.047058190923   314.381774475692
Adsorbate-atom-force:    73 0  -161.237487584458    37.776153687315  -172.509942463893
Adsorbate-atom-force:    74 0    86.821447279300    23.067167939242   -58.298717521207
Adsorbate-atom-force:    75 0  -197.369120993202  -251.179167907039  -247.870464224197
Adsorbate-atom-force:    76 0    45.587287656527    87.584802346831   -89.682914640876
Adsorbate-atom-force:    77 0   -81.632916693971    39.127999631242    72.325134550821
Adsorbate-atom-force:    78 0   -34.236925970198   -13.243809583676    77.718221271489
Adsorbate-atom-force:    79 0   252.820389018379   309.503088514112   324.776010343611
Adsorbate-atom-force:    80 0  -216.895534434797   139.553278936718  -236.852489109343
Adsorbate-atom-force:    81 0   283.976472990919  -259.186305081894  -206.985616603933
Adsorbate-atom-force:    82 0   258.092613450367   325.151453071488  -239.552955567986
Adsorbate-atom-force:    83 0  -309.608438710856   243.864216088737   384.049873100879
Adsorbate-atom-force:    84 0  -219.912355684319  -205.646280984336  -224.427124403533
Adsorbate-atom-force:    85 0  -141.099678023076   113.721608367746    52.023426713304
Adsorbate-atom-force:    86 0  -504.338003424487   201.594577291812   -34.880531690682
Adsorbate-atom-force:    87 0   297.918011072274  -138.153926435103    10.849585371686
Adsorbate-atom-force:    88 0   311.199562381934  -495.524170575967  -147.958197658746
Adsorbate-atom-force:    89 0  -120.901429029526  -101.396893871514    57.705110926779
Adsorbate-atom-force:    90 0   131.522794143704  -113.358166270706   -96.650960309677
Adsorbate-atom-force:    91 0  -225.539287267744   105.366499297235  -156.989164477893
Adsorbate-atom-force:    92 0   -88.690896070399   227.180276686964  -143.969593190812
Adsorbate-atom-force:    93 0   269.692129655681   365.057738239605   300.876179605011
Adsorbate-atom-force:    94 0  -140.307156400630   245.245488694154   -62.855917919480
Adsorbate-atom-force:    95 0    -7.132054386298   194.651962815678  -169.738430145417
Adsorbate-atom-force:    96 0  1339.988520983558   330.963339652914   678.884991209976
Adsorbate-atom-force:    97 0   -19.482663668403   585.468440062478  -618.262605057631
Adsorbate-atom-force:    98 0    88.822339488371    43.189410060769    69.302224612504
Adsorbate-atom-force:    99 0  -286.096985737510  -152.367303157002    91.628197980748
Adsorbate-atom-force:    100 0   186.566020687496     4.977164427288    73.946730085379
Adsorbate-atom-force:    101 0  -167.261860328467  -215.630197294170    30.688733540636
Adsorbate-atom-force:    102 0   -41.084536372581   -88.083383153809  -396.321242982931
Adsorbate-atom-force:    103 0   302.526454427242   268.684861434421   230.447897072801
Adsorbate-atom-force:    104 0   186.914273942542  -415.966916154586   653.871228016799
Adsorbate-atom-force:    105 0    72.006478157645   163.932029157654  -114.842028962510
Adsorbate-atom-force:    106 0   -38.858062494154  -129.322711959115   101.931564639336
Adsorbate-atom-force:    107 0    35.716025459147    63.694816159144    62.373825115819
Adsorbate-atom-force:    108 0   438.162887671693   423.799208244203    28.485650373560
Adsorbate-atom-force:    109 0  -476.387156744010  -424.879785307349  -405.267879980369
Adsorbate-atom-force:    110 0   312.022119214955    27.702348828141   101.988209934514
Adsorbate-atom-force:    111 0   198.924583371635   367.252021110627    75.231958668275
Adsorbate-atom-force:    112 0  -143.538866917493  -133.484881200384   -18.850225271678
Adsorbate-atom-force:    113 0   266.254912154189   216.294977025614   124.659564445538
Adsorbate-atom-force:    114 0  -934.519329037784    24.945572237555  1153.644159812798
Adsorbate-atom-force:    115 0   382.875066102713   367.243617858011   102.007496274735
Adsorbate-atom-force:    116 0    64.989009588199   -64.092513743811  -145.995807710978
Adsorbate-atom-force:    117 0   644.097640065531   285.618399029660   311.106113591377
Adsorbate-atom-force:    118 0   106.744741380401    36.435107485705  -318.201884030950
Adsorbate-atom-force:    119 0  -281.657736852225  -278.293526387596  -113.532326679415
Adsorbate-atom-force:    120 0  -155.429364787076   190.984947838919   153.385754282281
Adsorbate-atom-force:    121 0   193.479762629975   187.153238965102   217.148666191263
Adsorbate-atom-force:    122 0   -38.470414148660   -56.314671205871   -35.449071454080
Adsorbate-atom-force:    123 0  -161.332575873055  -299.635696850491  -304.515178068324
Adsorbate-atom-force:    124 0    98.321396906820  -120.298831012875  -199.520932948828
Adsorbate-atom-force:    125 0  -249.176544241336  -345.632097315113   159.740599313629
Adsorbate-atom-force:    126 0   226.281802973601    39.401784037850    21.100506082322
Adsorbate-atom-force:    127 0   -90.030099607681   -60.035793947352    97.358231129852
Adsorbate-atom-force:    128 0  -793.730096364123   178.450441860582   335.577697002475
Adsorbate-atom-force:    129 0    13.852944146752    29.919637353909   245.341709051022
Adsorbate-atom-force:    130 0  -139.933485100216   -76.100626881374  -494.325811816587
Adsorbate-atom-force:    131 0   -64.494888942271  -174.472617603954   118.970418889980
Adsorbate-atom-force:    132 0  -429.964887189265  -424.941544670829   388.227922434467
Adsorbate-atom-force:    133 0   -12.335703280778  -403.505910168455   375.908301832040
Adsorbate-atom-force:    134 0  -169.553437342876   154.312356832393  -201.492078384782
Adsorbate-atom-force:    135 0  -328.119613597112  -158.182544602688   165.790801380264
Adsorbate-atom-force:    136 0   -53.357216346826  -110.393693678880   -49.309291486681
Adsorbate-atom-force:    137 0   136.546802086411   216.712243832474   136.650891935811
Adsorbate-atom-force:    138 0   348.815107031275  -302.278327262822  -649.265610684136
Adsorbate-atom-force:    139 0    65.769858914986  -609.909525375929   -99.240812768655
Adsorbate-atom-force:    140 0   -39.222758352680    17.918799949885    44.889879753704
Adsorbate-atom-force:    141 0    67.986499461786   127.510916575965   159.421997758821
Adsorbate-atom-force:    142 0  -221.789969481082  -116.186474798542   224.991045573249
Adsorbate-atom-force:    143 0  -675.166485113639  -697.769035880232   413.799219970815
Adsorbate-atom-force:    144 0   -46.959776579760   162.479979422745   -47.357738025556
Adsorbate-atom-force:    145 0   -96.104828882004    11.529943744343   157.472345334931
Adsorbate-atom-force:    146 0  -303.330059155338   273.528054336246  -532.810118649831
Adsorbate-atom-force:    147 0  -132.596684157418  -144.832545661360  -304.593356879320
Adsorbate-atom-force:    148 0   258.322284855647    67.224107575646  -191.008643544604
Adsorbate-atom-force:    149 0  -472.674679893485   250.677156950207    10.480730761547
Adsorbate-atom-force:    150 0   455.921260172083   191.628663378150   287.578839905384
Adsorbate-atom-force:    151 0   -98.397082849737  -107.802797973031  -262.410301820798
Adsorbate-atom-force:    152 0    89.116669656387  -253.585261171821    36.921973395343
Adsorbate-atom-force:    153 0   255.129710767685  -193.966770616557  -151.023590223801
Adsorbate-atom-force:    154 0   271.648118132692  -297.904052686376   629.305008219612
Adsorbate-atom-force:    155 0  -390.629358267607   191.260896007733  -456.821162330610
Adsorbate-atom-force:    156 0    84.976743715966    48.215929744995    -8.201685447358
Adsorbate-atom-force:    157 0  -164.592599690320   130.958763926006  -230.964579372700
Adsorbate-atom-force:    158 0   216.745319549669  -327.226829128073   243.315347185047
Adsorbate-atom-force:    159 0   154.803309782053  -320.513452891431  -234.812953636925
Adsorbate-atom-force:    160 0  -498.643592381710   525.922337032467   912.408697303565
Adsorbate-atom-force:    161 0  -228.081423646341  -416.700210058381  -215.605117161783
Adsorbate-atom-force:    162 0  -101.947356243835   -74.755944782310  -142.143662540301
Adsorbate-atom-force:    163 0   106.967800911673  -137.708158702738    47.306103272368
Adsorbate-atom-force:    164 0  -210.418349327495  -203.772878717792   219.674764699419
Adsorbate-atom-force:    165 0  -190.122173525231    55.913757214581  -256.904400251239
Adsorbate-atom-force:    166 0   233.958886043931   -84.441706591456   214.938794698210
Adsorbate-atom-force:    167 0  -142.053535689904  -152.878079645980  -486.879344193562
Adsorbate-atom-force:    168 0  -252.375624489644  -244.421026143573   230.982730815472
Adsorbate-atom-charge:   0 0     0.000000000000
Adsorbate-atom-charge:   1 0     0.000000000000
Adsorbate-atom-charge:   2 0     0.000000000000
Adsorbate-atom-charge:   3 0     0.000000000000
Adsorbate-atom-charge:   4 0     0.000000000000
Adsorbate-atom-charge:   5 0     0.000000000000
Adsorbate-atom-charge:   6 0     0.000000000000
Adsorbate-atom-charge:   7 0     0.000000000000
Adsorbate-atom-charge:   8 0     0.000000000000
Adsorbate-atom-charge:   9 0     0.000000000000
Adsorbate-atom-charge:   10 0     0.000000000000
Adsorbate-atom-charge:   11 0     0.000000000000
Adsorbate-atom-charge:   12 0     0.000000000000
Adsorbate-atom-charge:   13 0     0.000000000000
Adsorbate-atom-charge:   14 0     0.000000000000
Adsorbate-atom-charge:   15 0     0.000000000000
Adsorbate-atom-charge:   16 0     0.000000000000
Adsorbate-atom-charge:   17 0     0.000000000000
Adsorbate-atom-charge:   18 0     0.000000000000
Adsorbate-atom-charge:   19 0     0.000000000000
Adsorbate-atom-charge:   20 0     0.000000000000
Adsorbate-atom-charge:   21 0     0.000000000000
Adsorbate-atom-charge:   22 0     0.000000000000
Adsorbate-atom-charge:   23 0     0.000000000000
Adsorbate-atom-charge:   24 0     0.000000000000
Adsorbate-atom-charge:   25 0     0.000000000000
Adsorbate-atom-charge:   26 0     0.000000000000
Adsorbate-atom-charge:   27 0     0.000000000000
Adsorbate-atom-charge:   28 0     0.000000000000
Adsorbate-atom-charge:   29 0     0.000000000000
Adsorbate-atom-charge:   30 0     0.000000000000
Adsorbate-atom-charge:   31 0     0.000000000000
Adsorbate-atom-charge:   32 0     0.000000000000
Adsorbate-atom-charge:   33 0     0.000000000000
Adsorbate-atom-charge:   34 0     0.000000000000
Adsorbate-atom-charge:   35 0     0.000000000000
Adsorbate-atom-charge:   36 0     0.000000000000
Adsorbate-atom-charge:   37 0     0.000000000000
Adsorbate-atom-charge:   38 0     0.000000000000
Adsorbate-atom-charge:   39 0     0.000000000000
Adsorbate-atom-charge:   40 0     0.000000000000
Adsorbate-atom-charge:   41 0     0.000000000000
Adsorbate-atom-charge:   42 0     0.000000000000
Adsorbate-atom-charge:   43 0     0.000000000000
Adsorbate-atom-charge:   44 0     0.000000000000
Adsorbate-atom-charge:   45 0     0.000000000000
Adsorbate-atom-charge:   46 0     0.000000000000
Adsorbate-atom-charge:   47 0     0.000000000000
Adsorbate-atom-charge:   48 0     0.000000000000
Adsorbate-atom-charge:   49 0     0.000000000000
Adsorbate-atom-charge:   50 0     0.000000000000
Adsorbate-atom-charge:   51 0     0.000000000000
Adsorbate-atom-charge:   52 0     0.000000000000
Adsorbate-atom-charge:   53 0     0.000000000000
Adsorbate-atom-charge:   54 0     0.000000000000
Adsorbate-atom-charge:   55 0     0.000000000000
Adsorbate-atom-charge:   56 0     0.000000000000
Adsorbate-atom-charge:   57 0     0.000000000000
Adsorbate-atom-charge:   58 0     0.000000000000
Adsorbate-atom-charge:   59 0     0.000000000000
Adsorbate-atom-charge:   60 0     0.000000000000
Adsorbate-atom-charge:   61 0     0.000000000000
Adsorbate-atom-charge:   62 0     0.000000000000
Adsorbate-atom-charge:   63 0     0.000000000000
Adsorbate-atom-charge:   64 0     0.000000000000
Adsorbate-atom-charge:   65 0     0.000000000000
Adsorbate-atom-charge:   66 0     0.000000000000
Adsorbate-atom-charge:   67 0     0.000000000000
Adsorbate-atom-charge:   68 0     0.000000000000
Adsorbate-atom-charge:   69 0     0.000000000000
Adsorbate-atom-charge:   70 0     0.000000000000
Adsorbate-atom-charge:   71 0     0.000000000000
Adsorbate-atom-charge:   72 0     0.000000000000
Adsorbate-atom-charge:   73 0     0.000000000000
Adsorbate-atom-charge:   74 0     0.000000000000
Adsorbate-atom-charge:   75 0     0.000000000000
Adsorbate-atom-charge:   76 0     0.000000000000
Adsorbate-atom-charge:   77 0     0.000000000000
Adsorbate-atom-charge:   78 0     0.000000000000
Adsorbate-atom-charge:   79 0     0.000000000000
Adsorbate-atom-charge:   80 0     0.000000000000
Adsorbate-atom-charge:   81 0     0.000000000000
Adsorbate-atom-charge:   82 0     0.000000000000
Adsorbate-atom-charge:   83 0     0.000000000000
Adsorbate-atom-charge:   84 0     0.000000000000
Adsorbate-atom-charge:   85 0     0.000000000000
Adsorbate-atom-charge:   86 0     0.000000000000
Adsorbate-atom-charge:   87 0     0.000000000000
Adsorbate-atom-charge:   88 0     0.000000000000
Adsorbate-atom-charge:   89 0     0.000000000000
Adsorbate-atom-charge:   90 0     0.000000000000
Adsorbate-atom-charge:   91 0     0.000000000000
Adsorbate-atom-charge:   92 0     0.000000000000
Adsorbate-atom-charge:   93 0     0.000000000000
Adsorbate-atom-charge:   94 0     0.000000000000
Adsorbate-atom-charge:   95 0     0.000000000000
Adsorbate-atom-charge:   96 0     0.000000000000
Adsorbate-atom-charge:   97 0     0.000000000000
Adsorbate-atom-charge:   98 0     0.000000000000
Adsorbate-atom-charge:   99 0     0.000000000000
Adsorbate-atom-charge:   100 0     0.000000000000
Adsorbate-atom-charge:   101 0     0.000000000000
Adsorbate-atom-charge:   102 0     0.000000000000
Adsorbate-atom-charge:   103 0     0.000000000000
Adsorbate-atom-charge:   104 0     0.000000000000
Adsorbate-atom-charge:   105 0     0.000000000000
Adsorbate-atom-charge:   106 0     0.000000000000
Adsorbate-atom-charge:   107 0     0.000000000000
Adsorbate-atom-charge:   108 0     0.000000000000
Adsorbate-atom-charge:   109 0     0.000000000000
Adsorbate-atom-charge:   110 0     0.000000000000
Adsorbate-atom-charge:   111 0     0.000000000000
Adsorbate-atom-charge:   112 0     0.000000000000
Adsorbate-atom-charge:   113 0     0.000000000000
Adsorbate-atom-charge:   114 0     0.000000000000
Adsorbate-atom-charge:   115 0     0.000000000000
Adsorbate-atom-charge:   116 0     0.000000000000
Adsorbate-atom-charge:   117 0     0.000000000000
Adsorbate-atom-charge:   118 0     0.000000000000
Adsorbate-atom-charge:   119 0     0.000000000000
Adsorbate-atom-charge:   120 0     0.000000000000
Adsorbate-atom-charge:   121 0     0.000000000000
Adsorbate-atom-charge:   122 0     0.000000000000
Adsorbate-atom-charge:   123 0     0.000000000000
Adsorbate-atom-charge:   124 0     0.000000000000
Adsorbate-atom-charge:   125 0     0.000000000000
Adsorbate-atom-charge:   126 0     0.000000000000
Adsorbate-atom-charge:   127 0     0.000000000000
Adsorbate-atom-charge:   128 0     0.000000000000
Adsorbate-atom-charge:   129 0     0.000000000000
Adsorbate-atom-charge:   130 0     0.000000000000
Adsorbate-atom-charge:   131 0     0.000000000000
Adsorbate-atom-charge:   132 0     0.000000000000
Adsorbate-atom-charge:   133 0     0.000000000000
Adsorbate-atom-charge:   134 0     0.000000000000
Adsorbate-atom-charge:   135 0     0.000000000000
Adsorbate-atom-charge:   136 0     0.000000000000
Adsorbate-atom-charge:   137 0     0.000000000000
Adsorbate-atom-charge:   138 0     0.000000000000
Adsorbate-atom-charge:   139 0     0.000000000000
Adsorbate-atom-charge:   140 0     0.000000000000
Adsorbate-atom-charge:   141 0     0.000000000000
Adsorbate-atom-charge:   142 0     0.000000000000
Adsorbate-atom-charge:   143 0     0.000000000000
Adsorbate-atom-charge:   144 0     0.000000000000
Adsorbate-atom-charge:   145 0     0.000000000000
Adsorbate-atom-charge:   146 0     0.000000000000
Adsorbate-atom-charge:   147 0     0.000000000000
Adsorbate-atom-charge:   148 0     0.000000000000
Adsorbate-atom-charge:   149 0     0.000000000000
Adsorbate-atom-charge:   150 0     0.000000000000
Adsorbate-atom-charge:   151 0     0.000000000000
Adsorbate-atom-charge:   152 0     0.000000000000
Adsorbate-atom-charge:   153 0     0.000000000000
Adsorbate-atom-charge:   154 0     0.000000000000
Adsorbate-atom-charge:   155 0     0.000000000000
Adsorbate-atom-charge:   156 0     0.000000000000
Adsorbate-atom-charge:   157 0     0.000000000000
Adsorbate-atom-charge:   158 0     0.000000000000
Adsorbate-atom-charge:   159 0     0.000000000000
Adsorbate-atom-charge:   160 0     0.000000000000
Adsorbate-atom-charge:   161 0     0.000000000000
Adsorbate-atom-charge:   162 0     0.000000000000
Adsorbate-atom-charge:   163 0     0.000000000000
Adsorbate-atom-charge:   164 0     0.000000000000
Adsorbate-atom-charge:   165 0     0.000000000000
Adsorbate-atom-charge:   166 0     0.000000000000
Adsorbate-atom-charge:   167 0     0.000000000000
Adsorbate-atom-charge:   168 0     0.000000000000
Adsorbate-atom-scaling:  0 0     1.000000000000
Adsorbate-atom-scaling:  1 0     1.000000000000
Adsorbate-atom-scaling:  2 0     1.000000000000
Adsorbate-atom-scaling:  3 0     1.000000000000
Adsorbate-atom-scaling:  4 0     1.000000000000
Adsorbate-atom-scaling:  5 0     1.000000000000
Adsorbate-atom-scaling:  6 0     1.000000000000
Adsorbate-atom-scaling:  7 0     1.000000000000
Adsorbate-atom-scaling:  8 0     1.000000000000
Adsorbate-atom-scaling:  9 0     1.000000000000
Adsorbate-atom-scaling:  10 0     1.000000000000
Adsorbate-atom-scaling:  11 0     1.000000000000
Adsorbate-atom-scaling:  12 0     1.000000000000
Adsorbate-atom-scaling:  13 0     1.000000000000
Adsorbate-atom-scaling:  14 0     1.000000000000
Adsorbate-atom-scaling:  15 0     1.000000000000
Adsorbate-atom-scaling:  16 0     1.000000000000
Adsorbate-atom-scaling:  17 0     1.000000000000
Adsorbate-atom-scaling:  18 0     1.000000000000
Adsorbate-atom-scaling:  19 0     1.000000000000
Adsorbate-atom-scaling:  20 0     1.000000000000
Adsorbate-atom-scaling:  21 0     1.000000000000
Adsorbate-atom-scaling:  22 0     1.000000000000
Adsorbate-atom-scaling:  23 0     1.000000000000
Adsorbate-atom-scaling:  24 0     1.000000000000
Adsorbate-atom-scaling:  25 0     1.000000000000
Adsorbate-atom-scaling:  26 0     1.000000000000
Adsorbate-atom-scaling:  27 0     1.000000000000
Adsorbate-atom-scaling:  28 0     1.000000000000
Adsorbate-atom-scaling:  29 0     1.000000000000
Adsorbate-atom-scaling:  30 0     1.000000000000
Adsorbate-atom-scaling:  31 0     1.000000000000
Adsorbate-atom-scaling:  32 0     1.000000000000
Adsorbate-atom-scaling:  33 0     1.000000000000
Adsorbate-atom-scaling:  34 0     1.000000000000
Adsorbate-atom-scaling:  35 0     1.000000000000
Adsorbate-atom-scaling:  36 0     1.000000000000
Adsorbate-atom-scaling:  37 0     1.000000000000
Adsorbate-atom-scaling:  38 0     1.000000000000
Adsorbate-atom-scaling:  39 0     1.000000000000
Adsorbate-atom-scaling:  40 0     1.000000000000
Adsorbate-atom-scaling:  41 0     1.000000000000
Adsorbate-atom-scaling:  42 0     1.000000000000
Adsorbate-atom-scaling:  43 0     1.000000000000
Adsorbate-atom-scaling:  44 0     1.000000000000
Adsorbate-atom-scaling:  45 0     1.000000000000
Adsorbate-atom-scaling:  46 0     1.000000000000
Adsorbate-atom-scaling:  47 0     1.000000000000
Adsorbate-atom-scaling:  48 0     1.000000000000
Adsorbate-atom-scaling:  49 0     1.000000000000
Adsorbate-atom-scaling:  50 0     1.000000000000
Adsorbate-atom-scaling:  51 0     1.000000000000
Adsorbate-atom-scaling:  52 0     1.000000000000
Adsorbate-atom-scaling:  53 0     1.000000000000
Adsorbate-atom-scaling:  54 0     1.000000000000
Adsorbate-atom-scaling:  55 0     1.000000000000
Adsorbate-atom-scaling:  56 0     1.000000000000
Adsorbate-atom-scaling:  57 0     1.000000000000
Adsorbate-atom-scaling:  58 0     1.000000000000
Adsorbate-atom-scaling:  59 0     1.000000000000
Adsorbate-atom-scaling:  60 0     1.000000000000
Adsorbate-atom-scaling:  61 0     1.000000000000
Adsorbate-atom-scaling:  62 0     1.000000000000
Adsorbate-atom-scaling:  63 0     1.000000000000
Adsorbate-atom-scaling:  64 0     1.000000000000
Adsorbate-atom-scaling:  65 0     1.000000000000
Adsorbate-atom-scaling:  66 0     1.000000000000
Adsorbate-atom-scaling:  67 0     1.000000000000
Adsorbate-atom-scaling:  68 0     1.000000000000
Adsorbate-atom-scaling:  69 0     1.000000000000
Adsorbate-atom-scaling:  70 0     1.000000000000
Adsorbate-atom-scaling:  71 0     1.000000000000
Adsorbate-atom-scaling:  72 0     1.000000000000
Adsorbate-atom-scaling:  73 0     1.000000000000
Adsorbate-atom-scaling:  74 0     1.000000000000
Adsorbate-atom-scaling:  75 0     1.000000000000
Adsorbate-atom-scaling:  76 0     1.000000000000
Adsorbate-atom-scaling:  77 0     1.000000000000
Adsorbate-atom-scaling:  78 0     1.000000000000
Adsorbate-atom-scaling:  79 0     1.000000000000
Adsorbate-atom-scaling:  80 0     1.000000000000
Adsorbate-atom-scaling:  81 0     1.000000000000
Adsorbate-atom-scaling:  82 0     1.000000000000
Adsorbate-atom-scaling:  83 0     1.000000000000
Adsorbate-atom-scaling:  84 0     1.000000000000
Adsorbate-atom-scaling:  85 0     1.000000000000
Adsorbate-atom-scaling:  86 0     1.000000000000
Adsorbate-atom-scaling:  87 0     1.000000000000
Adsorbate-atom-scaling:  88 0     1.000000000000
Adsorbate-atom-scaling:  89 0     1.000000000000
Adsorbate-atom-scaling:  90 0     1.000000000000
Adsorbate-atom-scaling:  91 0     1.000000000000
Adsorbate-atom-scaling:  92 0     1.000000000000
Adsorbate-atom-scaling:  93 0     1.000000000000
Adsorbate-atom-scaling:  94 0     1.000000000000
Adsorbate-atom-scaling:  95 0     1.000000000000
Adsorbate-atom-scaling:  96 0     1.000000000000
Adsorbate-atom-scaling:  97 0     1.000000000000
Adsorbate-atom-scaling:  98 0     1.000000000000
Adsorbate-atom-scaling:  99 0     1.000000000000
Adsorbate-atom-scaling:  100 0     1.000000000000
Adsorbate-atom-scaling:  101 0     1.000000000000
Adsorbate-atom-scaling:  102 0     1.000000000000
Adsorbate-atom-scaling:  103 0     1.000000000000
Adsorbate-atom-scaling:  104 0     1.000000000000
Adsorbate-atom-scaling:  105 0     1.000000000000
Adsorbate-atom-scaling:  106 0     1.000000000000
Adsorbate-atom-scaling:  107 0     1.000000000000
Adsorbate-atom-scaling:  108 0     1.000000000000
Adsorbate-atom-scaling:  109 0     1.000000000000
Adsorbate-atom-scaling:  110 0     1.000000000000
Adsorbate-atom-scaling:  111 0     1.000000000000
Adsorbate-atom-scaling:  112 0     1.000000000000
Adsorbate-atom-scaling:  113 0     1.000000000000
Adsorbate-atom-scaling:  114 0     1.000000000000
Adsorbate-atom-scaling:  115 0     1.000000000000
Adsorbate-atom-scaling:  116 0     1.000000000000
Adsorbate-atom-scaling:  117 0     1.000000000000
Adsorbate-atom-scaling:  118 0     1.000000000000
Adsorbate-atom-scaling:  119 0     1.000000000000
Adsorbate-atom-scaling:  120 0     1.000000000000
Adsorbate-atom-scaling:  121 0     1.000000000000
Adsorbate-atom-scaling:  122 0     1.000000000000
Adsorbate-atom-scaling:  123 0     1.000000000000
Adsorbate-atom-scaling:  124 0     1.000000000000
Adsorbate-atom-scaling:  125 0     1.000000000000
Adsorbate-atom-scaling:  126 0     1.000000000000
Adsorbate-atom-scaling:  127 0     1.000000000000
Adsorbate-atom-scaling:  128 0     1.000000000000
Adsorbate-atom-scaling:  129 0     1.000000000000
Adsorbate-atom-scaling:  130 0     1.000000000000
Adsorbate-atom-scaling:  131 0     1.000000000000
Adsorbate-atom-scaling:  132 0     1.000000000000
Adsorbate-atom-scaling:  133 0     1.000000000000
Adsorbate-atom-scaling:  134 0     1.000000000000
Adsorbate-atom-scaling:  135 0     1.000000000000
Adsorbate-atom-scaling:  136 0     1.000000000000
Adsorbate-atom-scaling:  137 0     1.000000000000
Adsorbate-atom-scaling:  138 0     1.000000000000
Adsorbate-atom-scaling:  139 0     1.000000000000
Adsorbate-atom-scaling:  140 0     1.000000000000
Adsorbate-atom-scaling:  141 0     1.000000000000
Adsorbate-atom-scaling:  142 0     1.000000000000
Adsorbate-atom-scaling:  143 0     1.000000000000
Adsorbate-atom-scaling:  144 0     1.000000000000
Adsorbate-atom-scaling:  145 0     1.000000000000
Adsorbate-atom-scaling:  146 0     1.000000000000
Adsorbate-atom-scaling:  147 0     1.000000000000
Adsorbate-atom-scaling:  148 0     1.000000000000
Adsorbate-atom-scaling:  149 0     1.000000000000
Adsorbate-atom-scaling:  150 0     1.000000000000
Adsorbate-atom-scaling:  151 0     1.000000000000
Adsorbate-atom-scaling:  152 0     1.000000000000
Adsorbate-atom-scaling:  153 0     1.000000000000
Adsorbate-atom-scaling:  154 0     1.000000000000
Adsorbate-atom-scaling:  155 0     1.000000000000
Adsorbate-atom-scaling:  156 0     1.000000000000
Adsorbate-atom-scaling:  157 0     1.000000000000
Adsorbate-atom-scaling:  158 0     1.000000000000
Adsorbate-atom-scaling:  159 0     1.000000000000
Adsorbate-atom-scaling:  160 0     1.000000000000
Adsorbate-atom-scaling:  161 0     1.000000000000
Adsorbate-atom-scaling:  162 0     1.000000000000
Adsorbate-atom-scaling:  163 0     1.000000000000
Adsorbate-atom-scaling:  164 0     1.000000000000
Adsorbate-atom-scaling:  165 0     1.000000000000
Adsorbate-atom-scaling:  166 0     1.000000000000
Adsorbate-atom-scaling:  167 0     1.000000000000
Adsorbate-atom-scaling:  168 0     1.000000000000
Adsorbate-atom-fixed:    0 0       0 0 0
Adsorbate-atom-fixed:    1 0       0 0 0
Adsorbate-atom-fixed:    2 0       0 0 0
Adsorbate-atom-fixed:    3 0       0 0 0
Adsorbate-atom-fixed:    4 0       0 0 0
Adsorbate-atom-fixed:    5 0       0 0 0
Adsorbate-atom-fixed:    6 0       0 0 0
Adsorbate-atom-fixed:    7 0       0 0 0
Adsorbate-atom-fixed:    8 0       0 0 0
Adsorbate-atom-fixed:    9 0       0 0 0
Adsorbate-atom-fixed:    10 0       0 0 0
Adsorbate-atom-fixed:    11 0       0 0 0
Adsorbate-atom-fixed:    12 0       0 0 0
Adsorbate-atom-fixed:    13 0       0 0 0
Adsorbate-atom-fixed:    14 0       0 0 0
Adsorbate-atom-fixed:    15 0       0 0 0
Adsorbate-atom-fixed:    16 0       0 0 0
Adsorbate-atom-fixed:    17 0       0 0 0
Adsorbate-atom-fixed:    18 0       0 0 0
Adsorbate-atom-fixed:    19 0       0 0 0
Adsorbate-atom-fixed:    20 0       0 0 0
Adsorbate-atom-fixed:    21 0       0 0 0
Adsorbate-atom-fixed:    22 0       0 0 0
Adsorbate-atom-fixed:    23 0       0 0 0
Adsorbate-atom-fixed:    24 0       0 0 0
Adsorbate-atom-fixed:    25 0       0 0 0
Adsorbate-atom-fixed:    26 0       0 0 0
Adsorbate-atom-fixed:    27 0       0 0 0
Adsorbate-atom-fixed:    28 0       0 0 0
Adsorbate-atom-fixed:    29 0       0 0 0
Adsorbate-atom-fixed:    30 0       0 0 0
Adsorbate-atom-fixed:    31 0       0 0 0
Adsorbate-atom-fixed:    32 0       0 0 0
Adsorbate-atom-fixed:    33 0       0 0 0
Adsorbate-atom-fixed:    34 0       0 0 0
Adsorbate-atom-fixed:    35 0       0 0 0
Adsorbate-atom-fixed:    36 0       0 0 0
Adsorbate-atom-fixed:    37 0       0 0 0
Adsorbate-atom-fixed:    38 0       0 0 0
Adsorbate-atom-fixed:    39 0       0 0 0
Adsorbate-atom-fixed:    40 0       0 0 0
Adsorbate-atom-fixed:    41 0       0 0 0
Adsorbate-atom-fixed:    42 0       0 0 0
Adsorbate-atom-fixed:    43 0       0 0 0
Adsorbate-atom-fixed:    44 0       0 0 0
Adsorbate-atom-fixed:    45 0       0 0 0
Adsorbate-atom-fixed:    46 0       0 0 0
Adsorbate-atom-fixed:    47 0       0 0 0
Adsorbate-atom-fixed:    48 0       0 0 0
Adsorbate-atom-fixed:    49 0       0 0 0
Adsorbate-atom-fixed:    50 0       0 0 0
Adsorbate-atom-fixed:    51 0       0 0 0
Adsorbate-atom-fixed:    52 0       0 0 0
Adsorbate-atom-fixed:    53 0       0 0 0
Adsorbate-atom-fixed:    54 0       0 0 0
Adsorbate-atom-fixed:    55 0       0 0 0
Adsorbate-atom-fixed:    56 0       0 0 0
Adsorbate-atom-fixed:    57 0       0 0 0
Adsorbate-atom-fixed:    58 0       0 0 0
Adsorbate-atom-fixed:    59 0       0 0 0
Adsorbate-atom-fixed:    60 0       0 0 0
Adsorbate-atom-fixed:    61 0       0 0 0
Adsorbate-atom-fixed:    62 0       0 0 0
Adsorbate-atom-fixed:    63 0       0 0 0
Adsorbate-atom-fixed:    64 0       0 0 0
Adsorbate-atom-fixed:    65 0       0 0 0
Adsorbate-atom-fixed:    66 0       0 0 0
Adsorbate-atom-fixed:    67 0       0 0 0
Adsorbate-atom-fixed:    68 0       0 0 0
Adsorbate-atom-fixed:    69 0       0 0 0
Adsorbate-atom-fixed:    70 0       0 0 0
Adsorbate-atom-fixed:    71 0       0 0 0
Adsorbate-atom-fixed:    72 0       0 0 0
Adsorbate-atom-fixed:    73 0       0 0 0
Adsorbate-atom-fixed:    74 0       0 0 0
Adsorbate-atom-fixed:    75 0       0 0 0
Adsorbate-atom-fixed:    76 0       0 0 0
Adsorbate-atom-fixed:    77 0       0 0 0
Adsorbate-atom-fixed:    78 0       0 0 0
Adsorbate-atom-fixed:    79 0       0 0 0
Adsorbate-atom-fixed:    80 0       0 0 0
Adsorbate-atom-fixed:    81 0       0 0 0
Adsorbate-atom-fixed:    82 0       0 0 0
Adsorbate-atom-fixed:    83 0       0 0 0
Adsorbate-atom-fixed:    84 0       0 0 0
Adsorbate-atom-fixed:    85 0       0 0 0
Adsorbate-atom-fixed:    86 0       0 0 0
Adsorbate-atom-fixed:    87 0       0 0 0
Adsorbate-atom-fixed:    88 0       0 0 0
Adsorbate-atom-fixed:    89 0       0 0 0
Adsorbate-atom-fixed:    90 0       0 0 0
Adsorbate-atom-fixed:    91 0       0 0 0
Adsorbate-atom-fixed:    92 0       0 0 0
Adsorbate-atom-fixed:    93 0       0 0 0
Adsorbate-atom-fixed:    94 0       0 0 0
Adsorbate-atom-fixed:    95 0       0 0 0
Adsorbate-atom-fixed:    96 0       0 0 0
Adsorbate-atom-fixed:    97 0       0 0 0
Adsorbate-atom-fixed:    98 0       0 0 0
Adsorbate-atom-fixed:    99 0       0 0 0
Adsorbate-atom-fixed:    100 0       0 0 0
Adsorbate-atom-fixed:    101 0       0 0 0
Adsorbate-atom-fixed:    102 0       0 0 0
Adsorbate-atom-fixed:    103 0       0 0 0
Adsorbate-atom-fixed:    104 0       0 0 0
Adsorbate-atom-fixed:    105 0       0 0 0
Adsorbate-atom-fixed:    106 0       0 0 0
Adsorbate-atom-fixed:    107 0       0 0 0
Adsorbate-atom-fixed:    108 0       0 0 0
Adsorbate-atom-fixed:    109 0       0 0 0
Adsorbate-atom-fixed:    110 0       0 0 0
Adsorbate-atom-fixed:    111 0       0 0 0
Adsorbate-atom-fixed:    112 0       0 0 0
Adsorbate-atom-fixed:    113 0       0 0 0
Adsorbate-atom-fixed:    114 0       0 0 0
Adsorbate-atom-fixed:    115 0       0 0 0
Adsorbate-atom-fixed:    116 0       0 0 0
Adsorbate-atom-fixed:    117 0       0 0 0
Adsorbate-atom-fixed:    118 0       0 0 0
Adsorbate-atom-fixed:    119 0       0 0 0
Adsorbate-atom-fixed:    120 0       0 0 0
Adsorbate-atom-fixed:    121 0       0 0 0
Adsorbate-atom-fixed:    122 0       0 0 0
Adsorbate-atom-fixed:    123 0       0 0 0
Adsorbate-atom-fixed:    124 0       0 0 0
Adsorbate-atom-fixed:    125 0       0 0 0
Adsorbate-atom-fixed:    126 0       0 0 0
Adsorbate-atom-fixed:    127 0       0 0 0
Adsorbate-atom-fixed:    128 0       0 0 0
Adsorbate-atom-fixed:    129 0       0 0 0
Adsorbate-atom-fixed:    130 0       0 0 0
Adsorbate-atom-fixed:    131 0       0 0 0
Adsorbate-atom-fixed:    132 0       0 0 0
Adsorbate-atom-fixed:    133 0       0 0 0
Adsorbate-atom-fixed:    134 0       0 0 0
Adsorbate-atom-fixed:    135 0       0 0 0
Adsorbate-atom-fixed:    136 0       0 0 0
Adsorbate-atom-fixed:    137 0       0 0 0
Adsorbate-atom-fixed:    138 0       0 0 0
Adsorbate-atom-fixed:    139 0       0 0 0
Adsorbate-atom-fixed:    140 0       0 0 0
Adsorbate-atom-fixed:    141 0       0 0 0
Adsorbate-atom-fixed:    142 0       0 0 0
Adsorbate-atom-fixed:    143 0       0 0 0
Adsorbate-atom-fixed:    144 0       0 0 0
Adsorbate-atom-fixed:    145 0       0 0 0
Adsorbate-atom-fixed:    146 0       0 0 0
Adsorbate-atom-fixed:    147 0       0 0 0
Adsorbate-atom-fixed:    148 0       0 0 0
Adsorbate-atom-fixed:    149 0       0 0 0
Adsorbate-atom-fixed:    150 0       0 0 0
Adsorbate-atom-fixed:    151 0       0 0 0
Adsorbate-atom-fixed:    152 0       0 0 0
Adsorbate-atom-fixed:    153 0       0 0 0
Adsorbate-atom-fixed:    154 0       0 0 0
Adsorbate-atom-fixed:    155 0       0 0 0
Adsorbate-atom-fixed:    156 0       0 0 0
Adsorbate-atom-fixed:    157 0       0 0 0
Adsorbate-atom-fixed:    158 0       0 0 0
Adsorbate-atom-fixed:    159 0       0 0 0
Adsorbate-atom-fixed:    160 0       0 0 0
Adsorbate-atom-fixed:    161 0       0 0 0
Adsorbate-atom-fixed:    162 0       0 0 0
Adsorbate-atom-fixed:    163 0       0 0 0
Adsorbate-atom-fixed:    164 0       0 0 0
Adsorbate-atom-fixed:    165 0       0 0 0
Adsorbate-atom-fixed:    166 0       0 0 0
Adsorbate-atom-fixed:    167 0       0 0 0
Adsorbate-atom-fixed:    168 0       0 0 0


