Cell info:
========================================================================
number-of-unit-cells: 2 2 2
unit-cell-vector-a:    26.343000000000     0.000000000000     0.000000000000
unit-cell-vector-b:     0.000000000000    26.343000000000     0.000000000000
unit-cell-vector-c:     0.000000000000     0.000000000000    26.343000000000

cell-vector-a:    52.686000000000     0.000000000000     0.000000000000
cell-vector-b:     0.000000000000    52.686000000000     0.000000000000
cell-vector-c:     0.000000000000     0.000000000000    52.686000000000

cell-lengths:    26.343000000000    26.343000000000    26.343000000000
cell-angles:    90.000000000000    90.000000000000    90.000000000000


Maximum changes for MC-moves:
========================================================================
Maximum-volume-change: 0.000500
Maximum-Gibbs-volume-change: 0.000500
Maximum-box-shape-change: 0.100000 0.100000 0.100000, 0.100000 0.100000 0.100000, 0.100000 0.100000 0.100000


Acceptance targets for MC-moves:
========================================================================
Target-volume-change: 0.500000
Target-box-shape-change: 0.500000
Target-Gibbs-volume-change: 0.500000


Components: 1 (Adsorbates 136, Cations 0)
========================================================================
Component 0 (argon)
	Fractional-molecule-id component 0: -1
	Lambda-factors component 0:  0.000000
	Number-of-biasing-factors component 0: 21
	Biasing-factors component 0:  0.000000 0.000000 0.000000 0.000000 0.000000 0.000000 0.000000 0.000000 0.000000 0.000000 0.000000 0.000000 0.000000 0.000000 0.000000 0.000000 0.000000 0.000000 0.000000 0.000000 0.000000
	Maximum-CF-Lambda-change component 0: 0.500000
	Maximum-CBCF-Lambda-change component 0: 0.500000

	Maximum-translation-change component 0: 0.390917,0.378468,0.339132
	Maximum-translation-in-plane-change component 0: 0.000000,0.000000,0.000000
	Maximum-rotation-change component 0: 0.017453 0.017453 0.017453

Reactions: 0

Component: 0     Adsorbate    136 molecules of argon
------------------------------------------------------------------------
Adsorbate-atom-position: 0 0    32.982109893236    19.972112925835    33.341362889102
Adsorbate-atom-position: 1 0    32.275220992279     7.186546089023     7.544992689173
Adsorbate-atom-position: 2 0     4.848432094870    21.730221882764    31.044854671231
Adsorbate-atom-position: 3 0    31.911355445653    19.091093802708    45.206970611468
Adsorbate-atom-position: 4 0    18.977806749482    20.617792722925    45.107822891964
Adsorbate-atom-position: 5 0    31.220490207906    31.104850210836    31.054790596909
Adsorbate-atom-position: 6 0    44.187457103961    31.276899173772    44.097878314666
Adsorbate-atom-position: 7 0     4.818784750352    47.862642597972     5.066352239914
Adsorbate-atom-position: 8 0    19.965979690843    32.455338326493    19.897204107520
Adsorbate-atom-position: 9 0    30.589506382693    22.103172542966    48.098292386581
Adsorbate-atom-position: 10 0    21.641305926280    35.061697438913    18.127520171093
Adsorbate-atom-position: 11 0    19.234422386827    33.078821277763    31.996490388058
Adsorbate-atom-position: 12 0     4.696700345660    17.862045989410     8.408280025455
Adsorbate-atom-position: 13 0     8.337729554049     4.857074197707    44.050817975248
Adsorbate-atom-position: 14 0     8.764886054520    18.020316899385    21.678752900183
Adsorbate-atom-position: 15 0    21.865251816305    22.451043862875    30.041816248819
Adsorbate-atom-position: 16 0    19.586569101702    19.871475432974    32.302723208690
Adsorbate-atom-position: 17 0     6.226417387946    19.612031219365     5.798166936132
Adsorbate-atom-position: 18 0    18.544521228611    46.978316358446    33.796630813455
Adsorbate-atom-position: 19 0    43.339201593267    17.265955309427     4.021498207859
Adsorbate-atom-position: 20 0     6.989970679695     6.825664868771     6.121622861422
Adsorbate-atom-position: 21 0    18.297275084013    20.594714828031    18.752557339325
Adsorbate-atom-position: 22 0     8.441849351149    21.315302384201    17.971143894683
Adsorbate-atom-position: 23 0    44.088738584277    34.840118235617    48.036100095279
Adsorbate-atom-position: 24 0     4.175552505538     4.065355839639     4.333262473285
Adsorbate-atom-position: 25 0    18.540191724673     6.027679459168     7.231884897074
Adsorbate-atom-position: 26 0    17.454193856019    43.487465724965     4.517087886551
Adsorbate-atom-position: 27 0     6.347026500470    19.798186352991    46.081711246308
Adsorbate-atom-position: 28 0    22.026321190735     4.416357366496    21.704149986849
Adsorbate-atom-position: 29 0     6.400405048994     6.822552928401    33.852593281276
Adsorbate-atom-position: 30 0    47.901868187107     4.603716022517     4.878707122005
Adsorbate-atom-position: 31 0     4.435422059696     9.071530734688    44.190938281058
Adsorbate-atom-position: 32 0    48.974362691108    17.393128590071    35.363213557824
Adsorbate-atom-position: 33 0    48.164761051206    30.934266869571    22.018393763302
Adsorbate-atom-position: 34 0     7.322551810373    47.185650012243     7.585489999123
Adsorbate-atom-position: 35 0    43.938831833013    48.305314814301    43.732337434562
Adsorbate-atom-position: 36 0    21.928648196709    30.812460806321    48.524961114328
Adsorbate-atom-position: 37 0    18.761529772648     6.031980030049    44.889225638694
Adsorbate-atom-position: 38 0    46.090188664006    19.551509224108    32.536729485046
Adsorbate-atom-position: 39 0    30.690680974184    43.794950770759    35.147690254238
Adsorbate-atom-position: 40 0    45.035158128163    32.816439435410    20.011242672004
Adsorbate-atom-position: 41 0    31.915169791044    46.444739390443     5.936102810464
Adsorbate-atom-position: 42 0     5.055541724047    31.330163474211    31.174127682872
Adsorbate-atom-position: 43 0     4.546034692400    44.517073500527     8.229114392211
Adsorbate-atom-position: 44 0    18.239014801861    47.922357162355    18.134888047942
Adsorbate-atom-position: 45 0    34.789729886767    17.806462576251    47.984760074969
Adsorbate-atom-position: 46 0     4.133730383457     4.429960496323    22.188417000288
Adsorbate-atom-position: 47 0    32.154207036474    33.210812749729    45.971471293661
Adsorbate-atom-position: 48 0     6.366971407053    46.710807427109    20.412594356904
Adsorbate-atom-position: 49 0     6.065128089318    32.793166734361     7.213285680008
Adsorbate-atom-position: 50 0    34.509330440495    47.503488778961     8.265484084416
Adsorbate-atom-position: 51 0    19.744125134496    19.229285488763     6.316608272011
Adsorbate-atom-position: 52 0    32.365844636693     6.831115466398    19.027772453235
Adsorbate-atom-position: 53 0     8.561173024301    47.974668474950    17.510308012785
Adsorbate-atom-position: 54 0    46.894678115980     7.609833339065    45.616062880430
Adsorbate-atom-position: 55 0    46.533422552767    45.931782122820    46.617038218785
Adsorbate-atom-position: 56 0    32.965772803647    20.377936023413    19.253017627502
Adsorbate-atom-position: 57 0    43.906329203069    44.035364011413    48.474554710196
Adsorbate-atom-position: 58 0    19.833309915781    33.178442896315    45.856622609316
Adsorbate-atom-position: 59 0    19.886468930386     6.872616774889    32.736348481868
Adsorbate-atom-position: 60 0    30.721638442286    17.280286872059    35.170158044975
Adsorbate-atom-position: 61 0    19.443382564699    46.526681332820     7.111062036161
Adsorbate-atom-position: 62 0    33.366968641051    32.852220847714     6.055042876679
Adsorbate-atom-position: 63 0    21.217945819008    34.752075817593    34.625144848957
Adsorbate-atom-position: 64 0    32.436028991084    33.723315220345    33.558458782129
Adsorbate-atom-position: 65 0    45.810092265561     6.344000041058     7.105044193299
Adsorbate-atom-position: 66 0    32.623961714716    46.715494001786    20.370848777090
Adsorbate-atom-position: 67 0    17.726679500353    35.303046068941    21.824999598334
Adsorbate-atom-position: 68 0    45.116776855484    19.920993214608    45.675079573617
Adsorbate-atom-position: 69 0    32.655762895592    19.527001077075     6.686243228458
Adsorbate-atom-position: 70 0    19.424788768123    32.274877387813     7.219542645248
Adsorbate-atom-position: 71 0    33.158108622780    32.384913411060    19.177550016910
Adsorbate-atom-position: 72 0    35.046722205038    21.552468533253     8.476650586157
Adsorbate-atom-position: 73 0    21.577314914493    50.814193913646    39.756725253199
Adsorbate-atom-position: 74 0    17.512761357290    30.735789913621    35.043292043298
Adsorbate-atom-position: 75 0     6.022109432135     6.538050308898    46.589801147673
Adsorbate-atom-position: 76 0     5.848480739585    45.554587948635    46.164604169644
Adsorbate-atom-position: 77 0    16.844014903069     9.029043545866    22.559078470559
Adsorbate-atom-position: 78 0    33.327217041403     7.196495764292    45.901355130595
Adsorbate-atom-position: 79 0    32.900260368262    46.045515369379    45.549346676273
Adsorbate-atom-position: 80 0    20.993807198978    47.210039944845    20.964368975586
Adsorbate-atom-position: 81 0    48.360600778001     8.799510608854    34.842246030262
Adsorbate-atom-position: 82 0    30.557846887520    49.264789703518     3.853940126654
Adsorbate-atom-position: 83 0    45.688567780790    19.828088707037    20.080863887586
Adsorbate-atom-position: 84 0    30.870411233700     4.605007995755    48.145363977891
Adsorbate-atom-position: 85 0    48.416957868216    43.633092660939     9.226246567992
Adsorbate-atom-position: 86 0    45.175926203734     6.336067825324    33.329098261700
Adsorbate-atom-position: 87 0    45.396580071455    46.492352649388    19.375902385302
Adsorbate-atom-position: 88 0    46.684239290918    32.415573650479    47.092212498378
Adsorbate-atom-position: 89 0    46.370844439277    45.437096450928    32.712442236401
Adsorbate-atom-position: 90 0    46.095759845850    46.600107774846     6.433000895971
Adsorbate-atom-position: 91 0    22.622334206414     4.370965200695    48.349867668847
Adsorbate-atom-position: 92 0    16.781014339601    30.627973670649    43.815007307656
Adsorbate-atom-position: 93 0     5.965367723523     7.074204204354    19.894174509515
Adsorbate-atom-position: 94 0    44.018105896083     8.667137879201     4.527321570790
Adsorbate-atom-position: 95 0    17.511030443694     8.492418341534    30.663022732954
Adsorbate-atom-position: 96 0    47.930580002789     4.814858191264    48.071597581618
Adsorbate-atom-position: 97 0    43.811168930966    48.152610005963     8.772410843387
Adsorbate-atom-position: 98 0     6.085138367938    19.054367625326    33.388896712766
Adsorbate-atom-position: 99 0    44.924848637735    31.447923779256    34.124481811188
Adsorbate-atom-position: 100 0    20.075224366167    46.191970416177    45.548721562344
Adsorbate-atom-position: 101 0     7.048648061375    33.540403588625    46.352201978247
Adsorbate-atom-position: 102 0    21.601934947554    21.552581204859     4.720360461659
Adsorbate-atom-position: 103 0    18.021238891420     8.274646363864    47.935853254039
Adsorbate-atom-position: 104 0     3.914211395084     8.723539385906    17.229816218440
Adsorbate-atom-position: 105 0     6.002919393207    18.721219993961    19.273704471063
Adsorbate-atom-position: 106 0    45.996087481835    19.901794122988     6.839582689243
Adsorbate-atom-position: 107 0    48.084468716195    44.240825815382    17.550720460263
Adsorbate-atom-position: 108 0    33.016615603344    46.465574577677    32.919775205099
Adsorbate-atom-position: 109 0    48.153521356862     8.899258639868    17.314497393111
Adsorbate-atom-position: 110 0     8.987282978051     4.391824230540    17.158073095583
Adsorbate-atom-position: 111 0    46.244067540314     6.321822433618    20.391418997376
Adsorbate-atom-position: 112 0    21.312479622253     7.983157205043     7.948958155705
Adsorbate-atom-position: 113 0    47.886029792577    34.507503070121    18.170136322176
Adsorbate-atom-position: 114 0    48.291125040211    31.044222526244    31.046067984833
Adsorbate-atom-position: 115 0    43.833493752187     8.580973802045    48.182079842485
Adsorbate-atom-position: 116 0    35.454880365246     8.744826703200    21.902094623220
Adsorbate-atom-position: 117 0    17.238000406820    48.290643107198    44.040838617556
Adsorbate-atom-position: 118 0     8.341982304014    34.460080016107     4.967527267098
Adsorbate-atom-position: 119 0    47.853507436692    34.637273315922    44.461979778064
Adsorbate-atom-position: 120 0     8.543990090648    17.710385975712    30.933737873360
Adsorbate-atom-position: 121 0    21.684227253763     8.803477386550    44.244095655667
Adsorbate-atom-position: 122 0     7.570209038312    34.320238524923    31.753029339788
Adsorbate-atom-position: 123 0    19.360102229331     7.158917369719    20.324443732045
Adsorbate-atom-position: 124 0    44.929129989605    32.502419985946     7.062458723383
Adsorbate-atom-position: 125 0    31.241201207391    48.339430922381    48.061437592198
Adsorbate-atom-position: 126 0    30.412813734829    29.993302480256    48.889240173199
Adsorbate-atom-position: 127 0    43.719743720343    43.954836562615    30.578005864515
Adsorbate-atom-position: 128 0     7.379449095186    45.180683584885    31.920265359869
Adsorbate-atom-position: 129 0    34.827825935945    17.035310129419    30.289599751585
Adsorbate-atom-position: 130 0    35.340575563823    35.716515887526    48.858289024467
Adsorbate-atom-position: 131 0     4.093255538428    48.139031768248    47.793055069507
Adsorbate-atom-position: 132 0    21.895366999330    17.083468487832    43.288147243254
Adsorbate-atom-position: 133 0     4.161702362831     9.679735093110    35.770002531131
Adsorbate-atom-position: 134 0     5.354831432004    21.348693139363    21.419612332260
Adsorbate-atom-position: 135 0    20.730362869313    38.221543181598    11.735763131335
Adsorbate-atom-velocity: 0 0    -0.068244404754    -0.422922985298     1.412029330030
Adsorbate-atom-velocity: 1 0     0.244145483558     2.131437509759     0.576988081976
Adsorbate-atom-velocity: 2 0     1.456680190815     2.469563457666    -3.035941451070
Adsorbate-atom-velocity: 3 0     0.146230035720    -2.888901909676    -1.013536640113
Adsorbate-atom-velocity: 4 0     1.775078330601     0.297066155569     1.614063803305
Adsorbate-atom-velocity: 5 0     1.155548721670     2.188910775974     1.372264914057
Adsorbate-atom-velocity: 6 0     0.307637402695     0.399623019720    -0.379027394162
Adsorbate-atom-velocity: 7 0     1.103242577334     1.386741675828    -1.638934297551
Adsorbate-atom-velocity: 8 0     1.116173128283    -0.928038904658     1.392158334336
Adsorbate-atom-velocity: 9 0     0.840130333780     1.946268596616     0.681038433414
Adsorbate-atom-velocity: 10 0     1.595373918237    -0.655608957235     1.582335144212
Adsorbate-atom-velocity: 11 0     0.615493648008    -0.154252523951    -0.020108980056
Adsorbate-atom-velocity: 12 0    -1.857392701339     0.082471518768     0.951785506680
Adsorbate-atom-velocity: 13 0    -1.148149592441     3.167408092446     0.231284982770
Adsorbate-atom-velocity: 14 0     0.578587624436    -1.826404872489     0.777407994412
Adsorbate-atom-velocity: 15 0     0.210363459516    -2.044030582213     0.027944956302
Adsorbate-atom-velocity: 16 0     1.445831816420     2.333823603449     0.980901358378
Adsorbate-atom-velocity: 17 0     0.372070874372    -0.484777633101     1.555979068203
Adsorbate-atom-velocity: 18 0     2.367494435369    -0.673394318481    -0.856869486549
Adsorbate-atom-velocity: 19 0     0.248046990081    -0.008562972290     1.036193402619
Adsorbate-atom-velocity: 20 0    -0.181186142339     1.260125981497    -0.816118930144
Adsorbate-atom-velocity: 21 0     0.275862297915     2.098386529320     0.000385183100
Adsorbate-atom-velocity: 22 0    -3.281808474547    -0.237468462727     0.070712376666
Adsorbate-atom-velocity: 23 0     0.773480746660     1.446452682775     1.099757700748
Adsorbate-atom-velocity: 24 0     1.439632091449     1.328687318366    -0.202749964041
Adsorbate-atom-velocity: 25 0     0.903052744246     1.005104451801     0.174911170546
Adsorbate-atom-velocity: 26 0    -0.564788604066    -0.982074454987     0.323248187792
Adsorbate-atom-velocity: 27 0    -0.065990707198    -0.356325905410     0.698272583874
Adsorbate-atom-velocity: 28 0    -1.240724997988    -2.428758377907     0.834085563874
Adsorbate-atom-velocity: 29 0     1.353716734435    -0.935951160104     1.373820455478
Adsorbate-atom-velocity: 30 0     0.349186932138    -0.083837459798    -0.448503306175
Adsorbate-atom-velocity: 31 0     0.786400903745     1.936435213958    -1.336288192900
Adsorbate-atom-velocity: 32 0     0.672892091754    -0.705684936607     0.089240067018
Adsorbate-atom-velocity: 33 0     0.326368493271    -0.652155583616     1.633357210183
Adsorbate-atom-velocity: 34 0     3.350367955267     1.514965900918    -0.001592921035
Adsorbate-atom-velocity: 35 0    -2.008160843818     1.870027577593     0.461710123709
Adsorbate-atom-velocity: 36 0     0.828513777336    -0.860228037054     1.510986870503
Adsorbate-atom-velocity: 37 0    -0.275157472723     0.216371286667    -0.166634217710
Adsorbate-atom-velocity: 38 0     0.732562748696    -0.952045671948    -0.743212975857
Adsorbate-atom-velocity: 39 0    -0.578819014693    -0.331886460949    -0.502009100927
Adsorbate-atom-velocity: 40 0     0.474387215091     2.010545760917    -0.749945896488
Adsorbate-atom-velocity: 41 0     1.427315162063    -1.356448213800    -1.202625282830
Adsorbate-atom-velocity: 42 0    -1.519071020730     2.153853455052     0.394496397757
Adsorbate-atom-velocity: 43 0     2.026833521509    -1.837799624570     0.946359606839
Adsorbate-atom-velocity: 44 0     2.178582132122    -1.496349532190    -0.124563880555
Adsorbate-atom-velocity: 45 0     0.445561232120    -1.811006240287    -0.492476398747
Adsorbate-atom-velocity: 46 0     0.053448777544    -2.888350099049    -1.598921434816
Adsorbate-atom-velocity: 47 0     0.175075257171     0.392496027837    -0.917229289730
Adsorbate-atom-velocity: 48 0     0.570577332440     1.352004845557    -0.391202811821
Adsorbate-atom-velocity: 49 0     0.820957883637    -1.527534545663    -1.303981031821
Adsorbate-atom-velocity: 50 0     1.168884181555     0.771611892131    -2.598117988601
Adsorbate-atom-velocity: 51 0     2.133407806830     0.906890490163     0.706132639427
Adsorbate-atom-velocity: 52 0     0.887307594756     0.898850218907     0.332318872724
Adsorbate-atom-velocity: 53 0     1.711400312458    -1.398205974338     0.760934860058
Adsorbate-atom-velocity: 54 0     1.287891364233     0.337308947870    -0.807726697620
Adsorbate-atom-velocity: 55 0    -0.664713091355    -1.163197305550    -0.113727900427
Adsorbate-atom-velocity: 56 0     0.105770129453    -1.012688271958     0.356675783062
Adsorbate-atom-velocity: 57 0    -0.123475339579    -1.001263409391     3.080391931772
Adsorbate-atom-velocity: 58 0    -0.165097245343    -1.045929906855    -0.081202452388
Adsorbate-atom-velocity: 59 0    -2.588584460715     2.037608770957    -0.929469580939
Adsorbate-atom-velocity: 60 0    -2.448754664535    -1.660536674582     1.581587096859
Adsorbate-atom-velocity: 61 0     0.018706405108     1.125148220658     1.443511760404
Adsorbate-atom-velocity: 62 0     1.551345104279     0.501006069060     1.152828524271
Adsorbate-atom-velocity: 63 0     1.958685279648     0.056452465167     0.089501360788
Adsorbate-atom-velocity: 64 0     1.236313969755     0.861581319746     0.099032355304
Adsorbate-atom-velocity: 65 0    -1.520157043516    -1.733851887992     1.010026378165
Adsorbate-atom-velocity: 66 0    -3.468266543111    -1.748753530324    -0.949200974882
Adsorbate-atom-velocity: 67 0    -2.104706983216     0.538425299703     0.198179181475
Adsorbate-atom-velocity: 68 0    -1.388160851341     0.143687741568    -0.645302786558
Adsorbate-atom-velocity: 69 0    -2.644053890261     0.072772051352    -0.669428106407
Adsorbate-atom-velocity: 70 0     3.071748820337     0.928819413782     0.119456093989
Adsorbate-atom-velocity: 71 0    -0.539400073699    -0.954188200893     0.549154775110
Adsorbate-atom-velocity: 72 0    -0.623244887554    -2.167866742402     0.200765233954
Adsorbate-atom-velocity: 73 0     1.183361895999    -0.004219514093     0.521982688760
Adsorbate-atom-velocity: 74 0    -0.571205468198    -1.374835811332    -2.332806261197
Adsorbate-atom-velocity: 75 0     0.236324594574     0.241609426683    -1.189671332438
Adsorbate-atom-velocity: 76 0    -1.419055148788     0.433848542681    -0.497588746649
Adsorbate-atom-velocity: 77 0     0.867606337702     2.562906742818    -0.746522877235
Adsorbate-atom-velocity: 78 0    -2.312745093821    -2.692545797304    -0.789937960135
Adsorbate-atom-velocity: 79 0    -0.226268484678     0.980220855697     0.423171780146
Adsorbate-atom-velocity: 80 0     2.270114279333    -1.367178848071    -1.698047161760
Adsorbate-atom-velocity: 81 0     0.693206099636     0.836509313205    -0.271304670580
Adsorbate-atom-velocity: 82 0    -1.057410740515     1.800071449235    -0.069497922648
Adsorbate-atom-velocity: 83 0     0.989360909057    -3.302587974118     0.150474919014
Adsorbate-atom-velocity: 84 0    -1.917187728426     0.439144107321     0.759699851207
Adsorbate-atom-velocity: 85 0     0.365630037568     0.660751216466    -0.824982705378
Adsorbate-atom-velocity: 86 0    -0.408179994848    -0.113504013834     1.198787403080
Adsorbate-atom-velocity: 87 0     0.925419104695    -1.446570461043    -0.937944208819
Adsorbate-atom-velocity: 88 0    -0.066538853110     0.449998735726    -0.272634082374
Adsorbate-atom-velocity: 89 0    -0.413490360721    -0.301472036567    -0.230550976902
Adsorbate-atom-velocity: 90 0     1.559724827573     0.151576492669    -0.591109658237
Adsorbate-atom-velocity: 91 0     0.445478719481     0.035561885742    -1.035390529616
Adsorbate-atom-velocity: 92 0    -1.841724411298     0.530094871816     1.057812023121
Adsorbate-atom-velocity: 93 0    -0.639486928124     0.307819508615     0.756698212022
Adsorbate-atom-velocity: 94 0     0.363479719951    -1.627428845176     0.892628319372
Adsorbate-atom-velocity: 95 0     1.362228361235     0.394904368813    -1.577282934817
Adsorbate-atom-velocity: 96 0     0.971015329625     1.831058971508    -1.955311077700
Adsorbate-atom-velocity: 97 0     0.355541547104    -1.342801051072     0.409912876711
Adsorbate-atom-velocity: 98 0    -0.862066766051     3.158418420263     1.829594839174
Adsorbate-atom-velocity: 99 0     0.391336736779     0.389399372404     1.578649646656
Adsorbate-atom-velocity: 100 0    -2.580453862614    -1.635557177312    -0.249777509744
Adsorbate-atom-velocity: 101 0     0.612388391511     0.206856604373     0.930435236653
Adsorbate-atom-velocity: 102 0    -1.738249342023    -0.155027314218     0.589667507389
Adsorbate-atom-velocity: 103 0    -0.825949507601    -1.429729889492     0.411509966458
Adsorbate-atom-velocity: 104 0     0.765508059395     0.138154496791    -0.410900188530
Adsorbate-atom-velocity: 105 0    -1.224095699649    -1.872606735750    -1.241665134913
Adsorbate-atom-velocity: 106 0    -1.471628220033    -1.095327927883     0.551167940239
Adsorbate-atom-velocity: 107 0    -1.416677718724    -0.518085104018    -0.390998314263
Adsorbate-atom-velocity: 108 0     1.031720936332     0.386848599597    -1.462356657233
Adsorbate-atom-velocity: 109 0    -2.105303906171     1.076735910238    -0.339037067878
Adsorbate-atom-velocity: 110 0     1.932106318939     2.730272870875     1.108146860277
Adsorbate-atom-velocity: 111 0     1.051952362550    -3.022810813808     0.001660345917
Adsorbate-atom-velocity: 112 0     0.298272052901    -0.964816856654     1.608162321701
Adsorbate-atom-velocity: 113 0    -0.365050474842     1.297497327676    -1.307563022582
Adsorbate-atom-velocity: 114 0     0.917261970328    -0.824330656445    -1.355245156097
Adsorbate-atom-velocity: 115 0     1.084731931849    -1.108307650748     0.277640996633
Adsorbate-atom-velocity: 116 0     0.396137377577     0.455276674767    -0.498622637836
Adsorbate-atom-velocity: 117 0    -1.301252793024     1.651416089222    -0.997798495866
Adsorbate-atom-velocity: 118 0     1.357829067896    -1.827134287944     0.915582666678
Adsorbate-atom-velocity: 119 0     1.914104696695     0.200449187739     2.151220375684
Adsorbate-atom-velocity: 120 0    -1.493062944819    -1.278986948883    -0.156370807081
Adsorbate-atom-velocity: 121 0     1.333210498266     0.794131462636    -0.573797649139
Adsorbate-atom-velocity: 122 0     0.863606430425     0.535838549965     1.089345495205
Adsorbate-atom-velocity: 123 0    -0.846455148447    -1.120203814470    -0.892785306954
Adsorbate-atom-velocity: 124 0     0.669401634697     2.836931120004    -0.303020832799
Adsorbate-atom-velocity: 125 0    -2.048841232046    -1.385309759690    -0.785229831636
Adsorbate-atom-velocity: 126 0    -1.481145655048    -0.924416956994    -2.177566763528
Adsorbate-atom-velocity: 127 0    -1.355169220465    -2.300338411073    -0.091759172984
Adsorbate-atom-velocity: 128 0     1.445143869568    -1.301070579516     1.192377777680
Adsorbate-atom-velocity: 129 0    -0.792487865327     0.734839712852    -2.062979944038
Adsorbate-atom-velocity: 130 0    -0.219600155181    -0.377090243444    -0.453139715900
Adsorbate-atom-velocity: 131 0    -0.375049211987    -0.970390010778     2.450103598804
Adsorbate-atom-velocity: 132 0     0.738437998645     0.028503976731    -2.466507940479
Adsorbate-atom-velocity: 133 0    -1.405154704665    -1.736568156477     0.120475276835
Adsorbate-atom-velocity: 134 0     0.970491736332    -2.446297826617    -0.919695866775
Adsorbate-atom-velocity: 135 0    -0.398646012870    -1.982641045846     2.392995095260
Adsorbate-atom-force:    0 0    29.447531291176   -72.240651523056   -12.182708522994
Adsorbate-atom-force:    1 0    10.458458499177    86.162166551271  -211.349516805477
Adsorbate-atom-force:    2 0  -416.348410599285  -254.573639189967    83.197906971830
Adsorbate-atom-force:    3 0   327.706216314331  -265.033473413388   306.535658883891
Adsorbate-atom-force:    4 0   -74.739871431749   -87.494814507353   175.524240566326
Adsorbate-atom-force:    5 0  -309.868009022146    87.738301094619   190.609660035133
Adsorbate-atom-force:    6 0   349.013577034833  -773.743024859363   476.830182127807
Adsorbate-atom-force:    7 0   206.219864753218  -330.560818883467  -768.129766019731
Adsorbate-atom-force:    8 0  -144.459453546824  -138.387746674893   184.985950314831
Adsorbate-atom-force:    9 0   252.746526469907  -282.717703291935   412.379702447243
Adsorbate-atom-force:    10 0  -177.124490267230  -413.270592793668 -1235.511793357060
Adsorbate-atom-force:    11 0   263.995195908153   307.985328822095   374.950576433372
Adsorbate-atom-force:    12 0  -126.136541432732  -137.821814906845   433.450637368742
Adsorbate-atom-force:    13 0   188.021050257908  -297.568430293698   423.413029579530
Adsorbate-atom-force:    14 0  -459.940119734501  -692.515168644230   -99.496801457109
Adsorbate-atom-force:    15 0   564.711105028254  -225.992747530407   355.431929813584
Adsorbate-atom-force:    16 0   127.462385976660   -54.003018263789    34.596604133796
Adsorbate-atom-force:    17 0   516.407772666631   555.643364254489    33.133901848112
Adsorbate-atom-force:    18 0   410.047360281659    50.979639193249    86.242358040750
Adsorbate-atom-force:    19 0   229.981482056356   137.796731365594   174.582361066688
Adsorbate-atom-force:    20 0   -43.375928415512    10.957316170298   -25.181545712986
Adsorbate-atom-force:    21 0   880.095519517185   692.959668563105   349.499048007769
Adsorbate-atom-force:    22 0  -418.780020887192   720.289727110513   342.916832311003
Adsorbate-atom-force:    23 0    70.515632576767   144.948191861700    16.046182923349
Adsorbate-atom-force:    24 0   167.132149155409   234.052459760620   -18.229346013849
Adsorbate-atom-force:    25 0   162.779244236098  -496.889121954236  -201.926462068199
Adsorbate-atom-force:    26 0   119.044029411124   381.915321024672  -370.611399372530
Adsorbate-atom-force:    27 0   -12.860815553069    -0.506014943385     2.811015924376
Adsorbate-atom-force:    28 0  -295.643614394500   190.039981767340   391.610639497485
Adsorbate-atom-force:    29 0   -95.753668186831    22.912439357159  -161.929147086992
Adsorbate-atom-force:    30 0   204.808036647292   176.113878363449  -625.913892661074
Adsorbate-atom-force:    31 0   115.744007719597  -463.933167713999  -723.213653268356
Adsorbate-atom-force:    32 0  -312.014788528585    10.354387252813   -86.111662251325
Adsorbate-atom-force:    33 0   -33.045934383185  -151.541478453699  -297.357726185917
Adsorbate-atom-force:    34 0   487.798034636293  -427.587857747086  -176.685910109568
Adsorbate-atom-force:    35 0   -19.587232621270   -55.600164395513   233.036412433942
Adsorbate-atom-force:    36 0   -20.615696209012   -89.032001348949  -296.256948881145
Adsorbate-atom-force:    37 0   924.707368361028 -1022.719409426976   969.453768492572
Adsorbate-atom-force:    38 0     2.608063300833   -18.652453342485    35.270852219097
Adsorbate-atom-force:    39 0    86.895164701782   165.961497315569   -59.488773953337
Adsorbate-atom-force:    40 0   637.618905498614   473.473109891529  -462.081949911722
Adsorbate-atom-force:    41 0   335.460218842778   335.432378352598   254.760834047685
Adsorbate-atom-force:    42 0  -290.120558738006    22.508327496812   356.910297052002
Adsorbate-atom-force:    43 0   664.744258414801  -508.374370450434   138.923322652151
Adsorbate-atom-force:    44 0  -451.969459528939  -458.559035335600    75.372531766246
Adsorbate-atom-force:    45 0    41.497781054993   143.707013316058   -14.868388937442
Adsorbate-atom-force:    46 0   211.931522726620  -146.078868757768  -209.264361228398
Adsorbate-atom-force:    47 0   112.163126627009   -77.233879678459   -42.195943521983
Adsorbate-atom-force:    48 0  -186.156248294523  -131.788969331728  -152.887371386526
Adsorbate-atom-force:    49 0   204.398283380932   261.456161537303  -201.784999225009
Adsorbate-atom-force:    50 0  -142.769642905195   642.771137620812  -343.712351998533
Adsorbate-atom-force:    51 0  -514.024472229795  -520.200955794589   420.881234361371
Adsorbate-atom-force:    52 0   167.210184277867   213.513207033893   182.897676290662
Adsorbate-atom-force:    53 0    27.696042929517   395.721750423426   366.434742642537
Adsorbate-atom-force:    54 0  -378.698155718756  -421.380223481349  -372.005356871220
Adsorbate-atom-force:    55 0  -182.238175527334   264.172843221480  -240.917367576159
Adsorbate-atom-force:    56 0   208.348221800026  -161.402127861550   163.045413674348
Adsorbate-atom-force:    57 0    20.135570234585  -233.392696073546  -218.378734843089
Adsorbate-atom-force:    58 0    14.387468056000   -64.586915967425     4.374668694532
Adsorbate-atom-force:    59 0   170.625637104325  -142.916996635069   189.246412946244
Adsorbate-atom-force:    60 0   -11.050551215636   253.825111574917   -37.896980146761
Adsorbate-atom-force:    61 0   -81.578920259082   -37.669772446996   -45.031276595685
Adsorbate-atom-force:    62 0  -139.107097770378   172.856716585756   133.433898450214
Adsorbate-atom-force:    63 0   938.399620140112  -514.309689437336  -270.851689672685
Adsorbate-atom-force:    64 0  -110.025564940113  -114.402366509443   -48.757565273216
Adsorbate-atom-force:    65 0  -243.320876802362   159.393567141881   196.869617904096
Adsorbate-atom-force:    66 0  -134.660147782145   -78.436851686138   -78.305892998584
Adsorbate-atom-force:    67 0  -139.217592334206  -348.147427968608    44.740888883562
Adsorbate-atom-force:    68 0   347.920026672582   294.961993790510   250.527620085043
Adsorbate-atom-force:    69 0  -135.049877045000  -115.350894419758   -68.392461294134
Adsorbate-atom-force:    70 0  -146.543593418088    95.657839909736   -88.647723325379
Adsorbate-atom-force:    71 0   123.473196174368    65.170511889176    68.072264825837
Adsorbate-atom-force:    72 0  -226.969539602666   509.726964666483   120.811595499341
Adsorbate-atom-force:    73 0   -10.116402251338   -25.176826111322  -172.968755740753
Adsorbate-atom-force:    74 0   170.045461774941   119.709756880813    14.163729606033
Adsorbate-atom-force:    75 0   113.621900915722  -160.260329301367  -123.485124718130
Adsorbate-atom-force:    76 0   567.313848750320   153.389966644977  -584.006423879424
Adsorbate-atom-force:    77 0   217.994187574631   -74.979966038300  -191.911000536353
Adsorbate-atom-force:    78 0  -296.507065570978  -286.149321393936   308.733275477937
Adsorbate-atom-force:    79 0    -2.964331980034    -9.515490347784    -4.123309146419
Adsorbate-atom-force:    80 0  -239.296418961739   147.642252863171  -184.172834144037
Adsorbate-atom-force:    81 0  -314.248433698619  -256.991628301358   527.100170484905
Adsorbate-atom-force:    82 0   -91.204442577122  -260.050604112145   102.342258439524
Adsorbate-atom-force:    83 0    41.461930763865   -75.611439538993   -47.729241063498
Adsorbate-atom-force:    84 0   111.431462848480   -47.746811982743   -86.464845985100
Adsorbate-atom-force:    85 0   -21.833864889536   162.857205014529  -239.312162063903
Adsorbate-atom-force:    86 0   272.232296446210  -112.337335860123   -75.478258865400
Adsorbate-atom-force:    87 0    90.155321550392     0.646680610013   -57.661355408768
Adsorbate-atom-force:    88 0   -45.486626037279  -288.246018196770  -220.446223949853
Adsorbate-atom-force:    89 0  -169.441083109661   224.376268141414   262.507167719285
Adsorbate-atom-force:    90 0   170.264357406827  -114.041682966475   -58.531133973727
Adsorbate-atom-force:    91 0  -472.997864799869  -204.603355714209   134.002351387885
Adsorbate-atom-force:    92 0   500.276306003794  -126.838367806210  -157.516345883361
Adsorbate-atom-force:    93 0   309.013544192215  -359.420399897281  -278.327855213084
Adsorbate-atom-force:    94 0    64.593776393735   -67.578426472008    15.271750135972
Adsorbate-atom-force:    95 0    54.524231671998   746.966877718086    96.260821674372
Adsorbate-atom-force:    96 0    19.490862161431  -224.381393884420  -259.276316153618
Adsorbate-atom-force:    97 0    89.348548260418   255.478583620572    30.947967670072
Adsorbate-atom-force:    98 0   -43.855019428802    56.971098586166   103.575397042780
Adsorbate-atom-force:    99 0  -145.502797606158   516.262273166774    49.829597227481
Adsorbate-atom-force:    100 0  -110.874211990712  -120.254096053710    84.299187451836
Adsorbate-atom-force:    101 0   -35.024494719300   -50.371426303972    95.287047917523
Adsorbate-atom-force:    102 0   416.775323701760   670.130360040489  -306.255479574325
Adsorbate-atom-force:    103 0     4.732978606665   184.850836517018  -241.207205221326
Adsorbate-atom-force:    104 0   246.132404395618   357.070291191333   158.584050491704
Adsorbate-atom-force:    105 0   121.190498360399   -82.686234089923  -508.410551148640
Adsorbate-atom-force:    106 0   -45.140906795827   -17.354061607647   -16.802978888090
Adsorbate-atom-force:    107 0   -45.956326056226  -395.427420311547   351.041954801723
Adsorbate-atom-force:    108 0   -42.125140308850   -33.935578177382    50.291101423681
Adsorbate-atom-force:    109 0   321.462182261391  -189.640333828070   298.447180138355
Adsorbate-atom-force:    110 0  -153.103133996479  -129.740943392448   268.511970277157
Adsorbate-atom-force:    111 0    86.338306368617    54.127462337523   -83.046561511120
Adsorbate-atom-force:    112 0    28.027133035398   304.600676707760   282.888277255556
Adsorbate-atom-force:    113 0  -341.879404217394   178.535015005863  -139.163697697790
Adsorbate-atom-force:    114 0  -391.932325122824  -203.603751195665  -177.308608196535
Adsorbate-atom-force:    115 0   305.469028758321   188.314475369637   -42.661653460017
Adsorbate-atom-force:    116 0  -335.110349315373    64.552262420993    82.886464712792
Adsorbate-atom-force:    117 0   339.176358241764   -11.110461513919  -305.099629011053
Adsorbate-atom-force:    118 0  -221.134505308007   441.880914744590   -87.464250650395
Adsorbate-atom-force:    119 0  -157.530913454022    20.647214129065  -289.128348432756
Adsorbate-atom-force:    120 0   107.404507244131    94.332045999072   -35.670173030397
Adsorbate-atom-force:    121 0    27.677054338493  -422.328330446451  -326.761103231138
Adsorbate-atom-force:    122 0   552.605085976778  -637.317237107938   311.242846076405
Adsorbate-atom-force:    123 0   -39.273171001383   -57.307269197067    10.191269530132
Adsorbate-atom-force:    124 0   487.855183240532  -127.191164001522   -41.136044745460
Adsorbate-atom-force:    125 0 -1183.253997868387  -584.861398082562  -254.321147223915
Adsorbate-atom-force:    126 0   136.580856850231   239.664423209744  -216.480612207900
Adsorbate-atom-force:    127 0   119.456816667880  -169.781075833428   105.568194076710
Adsorbate-atom-force:    128 0   143.472572312582   110.913518174526   200.635532127172
Adsorbate-atom-force:    129 0  1598.671336723158   476.540605457274   400.603147618694
Adsorbate-atom-force:    130 0   -71.657741122043  -217.514426289152  -211.593747579566
Adsorbate-atom-force:    131 0   715.585648527826   -87.335280047335  2060.134511152411
Adsorbate-atom-force:    132 0   428.482127813903   225.983928202548   294.298957345489
Adsorbate-atom-force:    133 0    60.382038283247  -269.758958376478  -196.499516215603
Adsorbate-atom-force:    134 0 -1450.779191178284  -379.810080405110  -540.898166468210
Adsorbate-atom-force:    135 0  -118.562091634695   -95.618539734644   -83.486679580454
Adsorbate-atom-charge:   0 0     0.000000000000
Adsorbate-atom-charge:   1 0     0.000000000000
Adsorbate-atom-charge:   2 0     0.000000000000
Adsorbate-atom-charge:   3 0     0.000000000000
Adsorbate-atom-charge:   4 0     0.000000000000
Adsorbate-atom-charge:   5 0     0.000000000000
Adsorbate-atom-charge:   6 0     0.000000000000
Adsorbate-atom-charge:   7 0     0.000000000000
Adsorbate-atom-charge:   8 0     0.000000000000
Adsorbate-atom-charge:   9 0     0.000000000000
Adsorbate-atom-charge:   10 0     0.000000000000
Adsorbate-atom-charge:   11 0     0.000000000000
Adsorbate-atom-charge:   12 0     0.000000000000
Adsorbate-atom-charge:   13 0     0.000000000000
Adsorbate-atom-charge:   14 0     0.000000000000
Adsorbate-atom-charge:   15 0     0.000000000000
Adsorbate-atom-charge:   16 0     0.000000000000
Adsorbate-atom-charge:   17 0     0.000000000000
Adsorbate-atom-charge:   18 0     0.000000000000
Adsorbate-atom-charge:   19 0     0.000000000000
Adsorbate-atom-charge:   20 0     0.000000000000
Adsorbate-atom-charge:   21 0     0.000000000000
Adsorbate-atom-charge:   22 0     0.000000000000
Adsorbate-atom-charge:   23 0     0.000000000000
Adsorbate-atom-charge:   24 0     0.000000000000
Adsorbate-atom-charge:   25 0     0.000000000000
Adsorbate-atom-charge:   26 0     0.000000000000
Adsorbate-atom-charge:   27 0     0.000000000000
Adsorbate-atom-charge:   28 0     0.000000000000
Adsorbate-atom-charge:   29 0     0.000000000000
Adsorbate-atom-charge:   30 0     0.000000000000
Adsorbate-atom-charge:   31 0     0.000000000000
Adsorbate-atom-charge:   32 0     0.000000000000
Adsorbate-atom-charge:   33 0     0.000000000000
Adsorbate-atom-charge:   34 0     0.000000000000
Adsorbate-atom-charge:   35 0     0.000000000000
Adsorbate-atom-charge:   36 0     0.000000000000
Adsorbate-atom-charge:   37 0     0.000000000000
Adsorbate-atom-charge:   38 0     0.000000000000
Adsorbate-atom-charge:   39 0     0.000000000000
Adsorbate-atom-charge:   40 0     0.000000000000
Adsorbate-atom-charge:   41 0     0.000000000000
Adsorbate-atom-charge:   42 0     0.000000000000
Adsorbate-atom-charge:   43 0     0.000000000000
Adsorbate-atom-charge:   44 0     0.000000000000
Adsorbate-atom-charge:   45 0     0.000000000000
Adsorbate-atom-charge:   46 0     0.000000000000
Adsorbate-atom-charge:   47 0     0.000000000000
Adsorbate-atom-charge:   48 0     0.000000000000
Adsorbate-atom-charge:   49 0     0.000000000000
Adsorbate-atom-charge:   50 0     0.000000000000
Adsorbate-atom-charge:   51 0     0.000000000000
Adsorbate-atom-charge:   52 0     0.000000000000
Adsorbate-atom-charge:   53 0     0.000000000000
Adsorbate-atom-charge:   54 0     0.000000000000
Adsorbate-atom-charge:   55 0     0.000000000000
Adsorbate-atom-charge:   56 0     0.000000000000
Adsorbate-atom-charge:   57 0     0.000000000000
Adsorbate-atom-charge:   58 0     0.000000000000
Adsorbate-atom-charge:   59 0     0.000000000000
Adsorbate-atom-charge:   60 0     0.000000000000
Adsorbate-atom-charge:   61 0     0.000000000000
Adsorbate-atom-charge:   62 0     0.000000000000
Adsorbate-atom-charge:   63 0     0.000000000000
Adsorbate-atom-charge:   64 0     0.000000000000
Adsorbate-atom-charge:   65 0     0.000000000000
Adsorbate-atom-charge:   66 0     0.000000000000
Adsorbate-atom-charge:   67 0     0.000000000000
Adsorbate-atom-charge:   68 0     0.000000000000
Adsorbate-atom-charge:   69 0     0.000000000000
Adsorbate-atom-charge:   70 0     0.000000000000
Adsorbate-atom-charge:   71 0     0.000000000000
Adsorbate-atom-charge:   72 0     0.000000000000
Adsorbate-atom-charge:   73 0     0.000000000000
Adsorbate-atom-charge:   74 0     0.000000000000
Adsorbate-atom-charge:   75 0     0.000000000000
Adsorbate-atom-charge:   76 0     0.000000000000
Adsorbate-atom-charge:   77 0     0.000000000000
Adsorbate-atom-charge:   78 0     0.000000000000
Adsorbate-atom-charge:   79 0     0.000000000000
Adsorbate-atom-charge:   80 0     0.000000000000
Adsorbate-atom-charge:   81 0     0.000000000000
Adsorbate-atom-charge:   82 0     0.000000000000
Adsorbate-atom-charge:   83 0     0.000000000000
Adsorbate-atom-charge:   84 0     0.000000000000
Adsorbate-atom-charge:   85 0     0.000000000000
Adsorbate-atom-charge:   86 0     0.000000000000
Adsorbate-atom-charge:   87 0     0.000000000000
Adsorbate-atom-charge:   88 0     0.000000000000
Adsorbate-atom-charge:   89 0     0.000000000000
Adsorbate-atom-charge:   90 0     0.000000000000
Adsorbate-atom-charge:   91 0     0.000000000000
Adsorbate-atom-charge:   92 0     0.000000000000
Adsorbate-atom-charge:   93 0     0.000000000000
Adsorbate-atom-charge:   94 0     0.000000000000
Adsorbate-atom-charge:   95 0     0.000000000000
Adsorbate-atom-charge:   96 0     0.000000000000
Adsorbate-atom-charge:   97 0     0.000000000000
Adsorbate-atom-charge:   98 0     0.000000000000
Adsorbate-atom-charge:   99 0     0.000000000000
Adsorbate-atom-charge:   100 0     0.000000000000
Adsorbate-atom-charge:   101 0     0.000000000000
Adsorbate-atom-charge:   102 0     0.000000000000
Adsorbate-atom-charge:   103 0     0.000000000000
Adsorbate-atom-charge:   104 0     0.000000000000
Adsorbate-atom-charge:   105 0     0.000000000000
Adsorbate-atom-charge:   106 0     0.000000000000
Adsorbate-atom-charge:   107 0     0.000000000000
Adsorbate-atom-charge:   108 0     0.000000000000
Adsorbate-atom-charge:   109 0     0.000000000000
Adsorbate-atom-charge:   110 0     0.000000000000
Adsorbate-atom-charge:   111 0     0.000000000000
Adsorbate-atom-charge:   112 0     0.000000000000
Adsorbate-atom-charge:   113 0     0.000000000000
Adsorbate-atom-charge:   114 0     0.000000000000
Adsorbate-atom-charge:   115 0     0.000000000000
Adsorbate-atom-charge:   116 0     0.000000000000
Adsorbate-atom-charge:   117 0     0.000000000000
Adsorbate-atom-charge:   118 0     0.000000000000
Adsorbate-atom-charge:   119 0     0.000000000000
Adsorbate-atom-charge:   120 0     0.000000000000
Adsorbate-atom-charge:   121 0     0.000000000000
Adsorbate-atom-charge:   122 0     0.000000000000
Adsorbate-atom-charge:   123 0     0.000000000000
Adsorbate-atom-charge:   124 0     0.000000000000
Adsorbate-atom-charge:   125 0     0.000000000000
Adsorbate-atom-charge:   126 0     0.000000000000
Adsorbate-atom-charge:   127 0     0.000000000000
Adsorbate-atom-charge:   128 0     0.000000000000
Adsorbate-atom-charge:   129 0     0.000000000000
Adsorbate-atom-charge:   130 0     0.000000000000
Adsorbate-atom-charge:   131 0     0.000000000000
Adsorbate-atom-charge:   132 0     0.000000000000
Adsorbate-atom-charge:   133 0     0.000000000000
Adsorbate-atom-charge:   134 0     0.000000000000
Adsorbate-atom-charge:   135 0     0.000000000000
Adsorbate-atom-scaling:  0 0     1.000000000000
Adsorbate-atom-scaling:  1 0     1.000000000000
Adsorbate-atom-scaling:  2 0     1.000000000000
Adsorbate-atom-scaling:  3 0     1.000000000000
Adsorbate-atom-scaling:  4 0     1.000000000000
Adsorbate-atom-scaling:  5 0     1.000000000000
Adsorbate-atom-scaling:  6 0     1.000000000000
Adsorbate-atom-scaling:  7 0     1.000000000000
Adsorbate-atom-scaling:  8 0     1.000000000000
Adsorbate-atom-scaling:  9 0     1.000000000000
Adsorbate-atom-scaling:  10 0     1.000000000000
Adsorbate-atom-scaling:  11 0     1.000000000000
Adsorbate-atom-scaling:  12 0     1.000000000000
Adsorbate-atom-scaling:  13 0     1.000000000000
Adsorbate-atom-scaling:  14 0     1.000000000000
Adsorbate-atom-scaling:  15 0     1.000000000000
Adsorbate-atom-scaling:  16 0     1.000000000000
Adsorbate-atom-scaling:  17 0     1.000000000000
Adsorbate-atom-scaling:  18 0     1.000000000000
Adsorbate-atom-scaling:  19 0     1.000000000000
Adsorbate-atom-scaling:  20 0     1.000000000000
Adsorbate-atom-scaling:  21 0     1.000000000000
Adsorbate-atom-scaling:  22 0     1.000000000000
Adsorbate-atom-scaling:  23 0     1.000000000000
Adsorbate-atom-scaling:  24 0     1.000000000000
Adsorbate-atom-scaling:  25 0     1.000000000000
Adsorbate-atom-scaling:  26 0     1.000000000000
Adsorbate-atom-scaling:  27 0     1.000000000000
Adsorbate-atom-scaling:  28 0     1.000000000000
Adsorbate-atom-scaling:  29 0     1.000000000000
Adsorbate-atom-scaling:  30 0     1.000000000000
Adsorbate-atom-scaling:  31 0     1.000000000000
Adsorbate-atom-scaling:  32 0     1.000000000000
Adsorbate-atom-scaling:  33 0     1.000000000000
Adsorbate-atom-scaling:  34 0     1.000000000000
Adsorbate-atom-scaling:  35 0     1.000000000000
Adsorbate-atom-scaling:  36 0     1.000000000000
Adsorbate-atom-scaling:  37 0     1.000000000000
Adsorbate-atom-scaling:  38 0     1.000000000000
Adsorbate-atom-scaling:  39 0     1.000000000000
Adsorbate-atom-scaling:  40 0     1.000000000000
Adsorbate-atom-scaling:  41 0     1.000000000000
Adsorbate-atom-scaling:  42 0     1.000000000000
Adsorbate-atom-scaling:  43 0     1.000000000000
Adsorbate-atom-scaling:  44 0     1.000000000000
Adsorbate-atom-scaling:  45 0     1.000000000000
Adsorbate-atom-scaling:  46 0     1.000000000000
Adsorbate-atom-scaling:  47 0     1.000000000000
Adsorbate-atom-scaling:  48 0     1.000000000000
Adsorbate-atom-scaling:  49 0     1.000000000000
Adsorbate-atom-scaling:  50 0     1.000000000000
Adsorbate-atom-scaling:  51 0     1.000000000000
Adsorbate-atom-scaling:  52 0     1.000000000000
Adsorbate-atom-scaling:  53 0     1.000000000000
Adsorbate-atom-scaling:  54 0     1.000000000000
Adsorbate-atom-scaling:  55 0     1.000000000000
Adsorbate-atom-scaling:  56 0     1.000000000000
Adsorbate-atom-scaling:  57 0     1.000000000000
Adsorbate-atom-scaling:  58 0     1.000000000000
Adsorbate-atom-scaling:  59 0     1.000000000000
Adsorbate-atom-scaling:  60 0     1.000000000000
Adsorbate-atom-scaling:  61 0     1.000000000000
Adsorbate-atom-scaling:  62 0     1.000000000000
Adsorbate-atom-scaling:  63 0     1.000000000000
Adsorbate-atom-scaling:  64 0     1.000000000000
Adsorbate-atom-scaling:  65 0     1.000000000000
Adsorbate-atom-scaling:  66 0     1.000000000000
Adsorbate-atom-scaling:  67 0     1.000000000000
Adsorbate-atom-scaling:  68 0     1.000000000000
Adsorbate-atom-scaling:  69 0     1.000000000000
Adsorbate-atom-scaling:  70 0     1.000000000000
Adsorbate-atom-scaling:  71 0     1.000000000000
Adsorbate-atom-scaling:  72 0     1.000000000000
Adsorbate-atom-scaling:  73 0     1.000000000000
Adsorbate-atom-scaling:  74 0     1.000000000000
Adsorbate-atom-scaling:  75 0     1.000000000000
Adsorbate-atom-scaling:  76 0     1.000000000000
Adsorbate-atom-scaling:  77 0     1.000000000000
Adsorbate-atom-scaling:  78 0     1.000000000000
Adsorbate-atom-scaling:  79 0     1.000000000000
Adsorbate-atom-scaling:  80 0     1.000000000000
Adsorbate-atom-scaling:  81 0     1.000000000000
Adsorbate-atom-scaling:  82 0     1.000000000000
Adsorbate-atom-scaling:  83 0     1.000000000000
Adsorbate-atom-scaling:  84 0     1.000000000000
Adsorbate-atom-scaling:  85 0     1.000000000000
Adsorbate-atom-scaling:  86 0     1.000000000000
Adsorbate-atom-scaling:  87 0     1.000000000000
Adsorbate-atom-scaling:  88 0     1.000000000000
Adsorbate-atom-scaling:  89 0     1.000000000000
Adsorbate-atom-scaling:  90 0     1.000000000000
Adsorbate-atom-scaling:  91 0     1.000000000000
Adsorbate-atom-scaling:  92 0     1.000000000000
Adsorbate-atom-scaling:  93 0     1.000000000000
Adsorbate-atom-scaling:  94 0     1.000000000000
Adsorbate-atom-scaling:  95 0     1.000000000000
Adsorbate-atom-scaling:  96 0     1.000000000000
Adsorbate-atom-scaling:  97 0     1.000000000000
Adsorbate-atom-scaling:  98 0     1.000000000000
Adsorbate-atom-scaling:  99 0     1.000000000000
Adsorbate-atom-scaling:  100 0     1.000000000000
Adsorbate-atom-scaling:  101 0     1.000000000000
Adsorbate-atom-scaling:  102 0     1.000000000000
Adsorbate-atom-scaling:  103 0     1.000000000000
Adsorbate-atom-scaling:  104 0     1.000000000000
Adsorbate-atom-scaling:  105 0     1.000000000000
Adsorbate-atom-scaling:  106 0     1.000000000000
Adsorbate-atom-scaling:  107 0     1.000000000000
Adsorbate-atom-scaling:  108 0     1.000000000000
Adsorbate-atom-scaling:  109 0     1.000000000000
Adsorbate-atom-scaling:  110 0     1.000000000000
Adsorbate-atom-scaling:  111 0     1.000000000000
Adsorbate-atom-scaling:  112 0     1.000000000000
Adsorbate-atom-scaling:  113 0     1.000000000000
Adsorbate-atom-scaling:  114 0     1.000000000000
Adsorbate-atom-scaling:  115 0     1.000000000000
Adsorbate-atom-scaling:  116 0     1.000000000000
Adsorbate-atom-scaling:  117 0     1.000000000000
Adsorbate-atom-scaling:  118 0     1.000000000000
Adsorbate-atom-scaling:  119 0     1.000000000000
Adsorbate-atom-scaling:  120 0     1.000000000000
Adsorbate-atom-scaling:  121 0     1.000000000000
Adsorbate-atom-scaling:  122 0     1.000000000000
Adsorbate-atom-scaling:  123 0     1.000000000000
Adsorbate-atom-scaling:  124 0     1.000000000000
Adsorbate-atom-scaling:  125 0     1.000000000000
Adsorbate-atom-scaling:  126 0     1.000000000000
Adsorbate-atom-scaling:  127 0     1.000000000000
Adsorbate-atom-scaling:  128 0     1.000000000000
Adsorbate-atom-scaling:  129 0     1.000000000000
Adsorbate-atom-scaling:  130 0     1.000000000000
Adsorbate-atom-scaling:  131 0     1.000000000000
Adsorbate-atom-scaling:  132 0     1.000000000000
Adsorbate-atom-scaling:  133 0     1.000000000000
Adsorbate-atom-scaling:  134 0     1.000000000000
Adsorbate-atom-scaling:  135 0     1.000000000000
Adsorbate-atom-fixed:    0 0       0 0 0
Adsorbate-atom-fixed:    1 0       0 0 0
Adsorbate-atom-fixed:    2 0       0 0 0
Adsorbate-atom-fixed:    3 0       0 0 0
Adsorbate-atom-fixed:    4 0       0 0 0
Adsorbate-atom-fixed:    5 0       0 0 0
Adsorbate-atom-fixed:    6 0       0 0 0
Adsorbate-atom-fixed:    7 0       0 0 0
Adsorbate-atom-fixed:    8 0       0 0 0
Adsorbate-atom-fixed:    9 0       0 0 0
Adsorbate-atom-fixed:    10 0       0 0 0
Adsorbate-atom-fixed:    11 0       0 0 0
Adsorbate-atom-fixed:    12 0       0 0 0
Adsorbate-atom-fixed:    13 0       0 0 0
Adsorbate-atom-fixed:    14 0       0 0 0
Adsorbate-atom-fixed:    15 0       0 0 0
Adsorbate-atom-fixed:    16 0       0 0 0
Adsorbate-atom-fixed:    17 0       0 0 0
Adsorbate-atom-fixed:    18 0       0 0 0
Adsorbate-atom-fixed:    19 0       0 0 0
Adsorbate-atom-fixed:    20 0       0 0 0
Adsorbate-atom-fixed:    21 0       0 0 0
Adsorbate-atom-fixed:    22 0       0 0 0
Adsorbate-atom-fixed:    23 0       0 0 0
Adsorbate-atom-fixed:    24 0       0 0 0
Adsorbate-atom-fixed:    25 0       0 0 0
Adsorbate-atom-fixed:    26 0       0 0 0
Adsorbate-atom-fixed:    27 0       0 0 0
Adsorbate-atom-fixed:    28 0       0 0 0
Adsorbate-atom-fixed:    29 0       0 0 0
Adsorbate-atom-fixed:    30 0       0 0 0
Adsorbate-atom-fixed:    31 0       0 0 0
Adsorbate-atom-fixed:    32 0       0 0 0
Adsorbate-atom-fixed:    33 0       0 0 0
Adsorbate-atom-fixed:    34 0       0 0 0
Adsorbate-atom-fixed:    35 0       0 0 0
Adsorbate-atom-fixed:    36 0       0 0 0
Adsorbate-atom-fixed:    37 0       0 0 0
Adsorbate-atom-fixed:    38 0       0 0 0
Adsorbate-atom-fixed:    39 0       0 0 0
Adsorbate-atom-fixed:    40 0       0 0 0
Adsorbate-atom-fixed:    41 0       0 0 0
Adsorbate-atom-fixed:    42 0       0 0 0
Adsorbate-atom-fixed:    43 0       0 0 0
Adsorbate-atom-fixed:    44 0       0 0 0
Adsorbate-atom-fixed:    45 0       0 0 0
Adsorbate-atom-fixed:    46 0       0 0 0
Adsorbate-atom-fixed:    47 0       0 0 0
Adsorbate-atom-fixed:    48 0       0 0 0
Adsorbate-atom-fixed:    49 0       0 0 0
Adsorbate-atom-fixed:    50 0       0 0 0
Adsorbate-atom-fixed:    51 0       0 0 0
Adsorbate-atom-fixed:    52 0       0 0 0
Adsorbate-atom-fixed:    53 0       0 0 0
Adsorbate-atom-fixed:    54 0       0 0 0
Adsorbate-atom-fixed:    55 0       0 0 0
Adsorbate-atom-fixed:    56 0       0 0 0
Adsorbate-atom-fixed:    57 0       0 0 0
Adsorbate-atom-fixed:    58 0       0 0 0
Adsorbate-atom-fixed:    59 0       0 0 0
Adsorbate-atom-fixed:    60 0       0 0 0
Adsorbate-atom-fixed:    61 0       0 0 0
Adsorbate-atom-fixed:    62 0       0 0 0
Adsorbate-atom-fixed:    63 0       0 0 0
Adsorbate-atom-fixed:    64 0       0 0 0
Adsorbate-atom-fixed:    65 0       0 0 0
Adsorbate-atom-fixed:    66 0       0 0 0
Adsorbate-atom-fixed:    67 0       0 0 0
Adsorbate-atom-fixed:    68 0       0 0 0
Adsorbate-atom-fixed:    69 0       0 0 0
Adsorbate-atom-fixed:    70 0       0 0 0
Adsorbate-atom-fixed:    71 0       0 0 0
Adsorbate-atom-fixed:    72 0       0 0 0
Adsorbate-atom-fixed:    73 0       0 0 0
Adsorbate-atom-fixed:    74 0       0 0 0
Adsorbate-atom-fixed:    75 0       0 0 0
Adsorbate-atom-fixed:    76 0       0 0 0
Adsorbate-atom-fixed:    77 0       0 0 0
Adsorbate-atom-fixed:    78 0       0 0 0
Adsorbate-atom-fixed:    79 0       0 0 0
Adsorbate-atom-fixed:    80 0       0 0 0
Adsorbate-atom-fixed:    81 0       0 0 0
Adsorbate-atom-fixed:    82 0       0 0 0
Adsorbate-atom-fixed:    83 0       0 0 0
Adsorbate-atom-fixed:    84 0       0 0 0
Adsorbate-atom-fixed:    85 0       0 0 0
Adsorbate-atom-fixed:    86 0       0 0 0
Adsorbate-atom-fixed:    87 0       0 0 0
Adsorbate-atom-fixed:    88 0       0 0 0
Adsorbate-atom-fixed:    89 0       0 0 0
Adsorbate-atom-fixed:    90 0       0 0 0
Adsorbate-atom-fixed:    91 0       0 0 0
Adsorbate-atom-fixed:    92 0       0 0 0
Adsorbate-atom-fixed:    93 0       0 0 0
Adsorbate-atom-fixed:    94 0       0 0 0
Adsorbate-atom-fixed:    95 0       0 0 0
Adsorbate-atom-fixed:    96 0       0 0 0
Adsorbate-atom-fixed:    97 0       0 0 0
Adsorbate-atom-fixed:    98 0       0 0 0
Adsorbate-atom-fixed:    99 0       0 0 0
Adsorbate-atom-fixed:    100 0       0 0 0
Adsorbate-atom-fixed:    101 0       0 0 0
Adsorbate-atom-fixed:    102 0       0 0 0
Adsorbate-atom-fixed:    103 0       0 0 0
Adsorbate-atom-fixed:    104 0       0 0 0
Adsorbate-atom-fixed:    105 0       0 0 0
Adsorbate-atom-fixed:    106 0       0 0 0
Adsorbate-atom-fixed:    107 0       0 0 0
Adsorbate-atom-fixed:    108 0       0 0 0
Adsorbate-atom-fixed:    109 0       0 0 0
Adsorbate-atom-fixed:    110 0       0 0 0
Adsorbate-atom-fixed:    111 0       0 0 0
Adsorbate-atom-fixed:    112 0       0 0 0
Adsorbate-atom-fixed:    113 0       0 0 0
Adsorbate-atom-fixed:    114 0       0 0 0
Adsorbate-atom-fixed:    115 0       0 0 0
Adsorbate-atom-fixed:    116 0       0 0 0
Adsorbate-atom-fixed:    117 0       0 0 0
Adsorbate-atom-fixed:    118 0       0 0 0
Adsorbate-atom-fixed:    119 0       0 0 0
Adsorbate-atom-fixed:    120 0       0 0 0
Adsorbate-atom-fixed:    121 0       0 0 0
Adsorbate-atom-fixed:    122 0       0 0 0
Adsorbate-atom-fixed:    123 0       0 0 0
Adsorbate-atom-fixed:    124 0       0 0 0
Adsorbate-atom-fixed:    125 0       0 0 0
Adsorbate-atom-fixed:    126 0       0 0 0
Adsorbate-atom-fixed:    127 0       0 0 0
Adsorbate-atom-fixed:    128 0       0 0 0
Adsorbate-atom-fixed:    129 0       0 0 0
Adsorbate-atom-fixed:    130 0       0 0 0
Adsorbate-atom-fixed:    131 0       0 0 0
Adsorbate-atom-fixed:    132 0       0 0 0
Adsorbate-atom-fixed:    133 0       0 0 0
Adsorbate-atom-fixed:    134 0       0 0 0
Adsorbate-atom-fixed:    135 0       0 0 0


