Cell info:
========================================================================
number-of-unit-cells: 2 2 2
unit-cell-vector-a:    26.343000000000     0.000000000000     0.000000000000
unit-cell-vector-b:     0.000000000000    26.343000000000     0.000000000000
unit-cell-vector-c:     0.000000000000     0.000000000000    26.343000000000

cell-vector-a:    52.686000000000     0.000000000000     0.000000000000
cell-vector-b:     0.000000000000    52.686000000000     0.000000000000
cell-vector-c:     0.000000000000     0.000000000000    52.686000000000

cell-lengths:    26.343000000000    26.343000000000    26.343000000000
cell-angles:    90.000000000000    90.000000000000    90.000000000000


Maximum changes for MC-moves:
========================================================================
Maximum-volume-change: 0.000500
Maximum-Gibbs-volume-change: 0.000500
Maximum-box-shape-change: 0.100000 0.100000 0.100000, 0.100000 0.100000 0.100000, 0.100000 0.100000 0.100000


Acceptance targets for MC-moves:
========================================================================
Target-volume-change: 0.500000
Target-box-shape-change: 0.500000
Target-Gibbs-volume-change: 0.500000


Components: 1 (Adsorbates 114, Cations 0)
========================================================================
Component 0 (argon)
	Fractional-molecule-id component 0: -1
	Lambda-factors component 0:  0.000000
	Number-of-biasing-factors component 0: 21
	Biasing-factors component 0:  0.000000 0.000000 0.000000 0.000000 0.000000 0.000000 0.000000 0.000000 0.000000 0.000000 0.000000 0.000000 0.000000 0.000000 0.000000 0.000000 0.000000 0.000000 0.000000 0.000000 0.000000
	Maximum-CF-Lambda-change component 0: 0.500000
	Maximum-CBCF-Lambda-change component 0: 0.500000

	Maximum-translation-change component 0: 0.408184,0.405889,0.401531
	Maximum-translation-in-plane-change component 0: 0.000000,0.000000,0.000000
	Maximum-rotation-change component 0: 0.017453 0.017453 0.017453

Reactions: 0

Component: 0     Adsorbate    114 molecules of argon
------------------------------------------------------------------------
Adsorbate-atom-position: 0 0    33.486444331411     7.632124801764    20.435163054610
Adsorbate-atom-position: 1 0    48.528650435453     9.184200311854    43.210591821713
Adsorbate-atom-position: 2 0    32.369786665504    45.600740506545    18.787181378732
Adsorbate-atom-position: 3 0     6.603363719591    32.586232460889     6.454103381367
Adsorbate-atom-position: 4 0    48.345884660494    35.729278369648    43.622826232692
Adsorbate-atom-position: 5 0    45.786641070013    46.613945880938    19.568345424277
Adsorbate-atom-position: 6 0    35.294064404765    21.648153384986     8.769776751493
Adsorbate-atom-position: 7 0    17.415731297628     8.866473655089     3.916467002389
Adsorbate-atom-position: 8 0     6.684129186101    45.970076164992    46.022097901301
Adsorbate-atom-position: 9 0     5.663412762039    34.212405718822    18.936813584050
Adsorbate-atom-position: 10 0    44.663218542214    34.496016274156    47.306860884554
Adsorbate-atom-position: 11 0    30.715043021730    22.217282920682    48.537841258598
Adsorbate-atom-position: 12 0    22.302148257411    34.881644213115    17.374992218872
Adsorbate-atom-position: 13 0    19.625051194078    20.126161212459    46.373609452847
Adsorbate-atom-position: 14 0    35.142835438395     4.368752127679    35.170139797574
Adsorbate-atom-position: 15 0    32.490836357426    19.812693110103     6.339034201661
Adsorbate-atom-position: 16 0    34.804983664138    48.126363981429    17.876461649034
Adsorbate-atom-position: 17 0    33.412844365805    18.996604598754    19.923414798657
Adsorbate-atom-position: 18 0    32.444698531728    19.427315244912    32.934550726808
Adsorbate-atom-position: 19 0    20.138607461990     6.648129690625    32.598818596034
Adsorbate-atom-position: 20 0    30.745959525369    17.525525388643     8.655813850963
Adsorbate-atom-position: 21 0    46.278473640954    46.320915710451    33.066552333228
Adsorbate-atom-position: 22 0    30.870079188984    17.547505013588    43.892811663434
Adsorbate-atom-position: 23 0     8.249874819368     4.710340996088     8.336888671251
Adsorbate-atom-position: 24 0    20.099798927124    19.963017847082    19.658784704382
Adsorbate-atom-position: 25 0    44.716767112018     8.113477436074    31.573221081499
Adsorbate-atom-position: 26 0    30.233275188125     4.055531345630     4.221473795551
Adsorbate-atom-position: 27 0    21.789788438370    22.127578170333    22.016279244560
Adsorbate-atom-position: 28 0    19.478956943238    33.115684276797     6.672702056633
Adsorbate-atom-position: 29 0    33.467488991695    20.214369150623    45.200372969259
Adsorbate-atom-position: 30 0     8.923735006978    17.289758579680     3.998781446333
Adsorbate-atom-position: 31 0     8.606255209970     8.575451960906    30.941779193315
Adsorbate-atom-position: 32 0    46.665055256642    19.135926038795    33.644464317379
Adsorbate-atom-position: 33 0    44.477266227963     4.959942695361    34.597145798489
Adsorbate-atom-position: 34 0    44.119416388217     4.336886030612     9.085899795560
Adsorbate-atom-position: 35 0    20.079295442811     7.584768716449     6.918882004067
Adsorbate-atom-position: 36 0     5.265114376563    47.342988215064     5.213306075925
Adsorbate-atom-position: 37 0     8.646346844922    48.261305192230    35.420987847551
Adsorbate-atom-position: 38 0    19.757155815975    19.351769409789    33.593218540765
Adsorbate-atom-position: 39 0     9.262539671141    35.445985175159     4.603509240890
Adsorbate-atom-position: 40 0    35.594111283955    35.167603401988    21.788292376595
Adsorbate-atom-position: 41 0    30.908586885573     8.604453719857    17.763511419567
Adsorbate-atom-position: 42 0    46.227184483565    33.483904398523     6.684888397946
Adsorbate-atom-position: 43 0    20.354890386658    32.077723399968    20.437209356285
Adsorbate-atom-position: 44 0     7.477721244943    33.339648366737    46.707871720824
Adsorbate-atom-position: 45 0    33.556702385616     6.973707676467     6.555683553995
Adsorbate-atom-position: 46 0     4.592317377598     4.567339628086    48.394438103948
Adsorbate-atom-position: 47 0     8.798242793836    22.106852569213    17.351838239155
Adsorbate-atom-position: 48 0    44.625260490185    34.545537244763    21.488762806172
Adsorbate-atom-position: 49 0    17.826176037717    43.861616956625    30.588890064954
Adsorbate-atom-position: 50 0    33.490851486013     6.470271651571    46.251902042429
Adsorbate-atom-position: 51 0     6.757084844337    31.861262129425    33.369871164320
Adsorbate-atom-position: 52 0    48.456653462755    31.083131543647     4.406741235908
Adsorbate-atom-position: 53 0     7.111279047110     7.447777594387    47.072740823239
Adsorbate-atom-position: 54 0     8.580465463821    31.016412850290    17.850884827528
Adsorbate-atom-position: 55 0    43.811166504612    43.987877638103     4.603483211094
Adsorbate-atom-position: 56 0    31.789881270170     6.360111335132    32.607445887438
Adsorbate-atom-position: 57 0    20.240447581480     5.921336806231    20.391149976074
Adsorbate-atom-position: 58 0    47.277379215586    33.601436456811    19.105456771526
Adsorbate-atom-position: 59 0    30.965504159910     8.639386312881     9.216599999649
Adsorbate-atom-position: 60 0    47.398507763883    21.272953199956    21.435958968224
Adsorbate-atom-position: 61 0     8.459370746771    17.950790774169    22.020092184113
Adsorbate-atom-position: 62 0    35.253228108074    22.022536147429    35.433648973587
Adsorbate-atom-position: 63 0    31.851267980321    32.151730138680     5.559002731826
Adsorbate-atom-position: 64 0     6.720993966136    20.398626805759    19.692370271170
Adsorbate-atom-position: 65 0     5.340362739777    46.768267188134    20.521601386036
Adsorbate-atom-position: 66 0     5.816166689168     7.774035210865    33.562112029975
Adsorbate-atom-position: 67 0    43.363172112645     3.449537535355    43.711134488718
Adsorbate-atom-position: 68 0    19.562774981517    44.995913360486    19.748941971364
Adsorbate-atom-position: 69 0    46.329619242437    46.432479098073    47.369690625472
Adsorbate-atom-position: 70 0    47.919824121361    21.393071793921     5.094849841808
Adsorbate-atom-position: 71 0    19.022566344880    47.026227123489    45.801466515053
Adsorbate-atom-position: 72 0    45.555878895552    20.504842533258    18.589575150247
Adsorbate-atom-position: 73 0    19.895984931558    45.577051187841    33.797078707144
Adsorbate-atom-position: 74 0    35.128253081391     4.389251325189     8.978226790611
Adsorbate-atom-position: 75 0    21.981222003535    17.340431076018    17.386163804906
Adsorbate-atom-position: 76 0     5.900039396270    19.131618943740    45.701531595063
Adsorbate-atom-position: 77 0     6.497577502761     7.434198327228     6.595679223185
Adsorbate-atom-position: 78 0    32.894296120112    32.806346540853    34.031568524151
Adsorbate-atom-position: 79 0    33.341458892615    32.021418142785    46.083972621507
Adsorbate-atom-position: 80 0    46.327118650980     6.543612253441     6.821401053074
Adsorbate-atom-position: 81 0    32.743806933911    46.539902631844    46.397487357232
Adsorbate-atom-position: 82 0    32.540493064623    45.579120587162     6.341202611983
Adsorbate-atom-position: 83 0     6.525704493974     7.326882594276    19.819382680757
Adsorbate-atom-position: 84 0    21.710658276933     8.660152956574    44.215315953070
Adsorbate-atom-position: 85 0    35.261831343507     9.008810444048     3.697112591281
Adsorbate-atom-position: 86 0    32.429256504270    32.461120774595    20.013591555453
Adsorbate-atom-position: 87 0    20.452258743073    32.358746029491    32.651653498068
Adsorbate-atom-position: 88 0    35.035076101243    21.644063001444    18.067675144455
Adsorbate-atom-position: 89 0    21.984254024921    48.287183675813    30.787702534256
Adsorbate-atom-position: 90 0    26.125267988735    14.849218652844    22.577467133761
Adsorbate-atom-position: 91 0    48.711134657258     8.868424740661     9.007603281557
Adsorbate-atom-position: 92 0    47.519040251559     7.749763806062    34.293738587395
Adsorbate-atom-position: 93 0    19.473260033660    33.931234322926    46.349503319661
Adsorbate-atom-position: 94 0    45.260277808144    18.817503476075     5.912786801940
Adsorbate-atom-position: 95 0    46.551756397086    46.369664616158     6.238684747014
Adsorbate-atom-position: 96 0    46.895064935051    31.716268393549    47.169355506741
Adsorbate-atom-position: 97 0     6.552531868669    46.672370393565    32.936997054452
Adsorbate-atom-position: 98 0     8.359099937955    21.480419995624    44.230125087732
Adsorbate-atom-position: 99 0    46.176780518697     6.896224709324    45.274748724264
Adsorbate-atom-position: 100 0    18.585647561627     7.787393500252    47.205991129020
Adsorbate-atom-position: 101 0     7.015394384787    19.674164870069     6.650588253483
Adsorbate-atom-position: 102 0    46.723010883702    19.970893813273    46.917714703869
Adsorbate-atom-position: 103 0    30.563342441713    43.225420128536     8.841653248252
Adsorbate-atom-position: 104 0    17.635629978821    31.129994647460    34.908954150060
Adsorbate-atom-position: 105 0    19.032932771281    46.564520246630     6.693400758307
Adsorbate-atom-position: 106 0    47.924973989701    43.553601114385    17.859030306900
Adsorbate-atom-position: 107 0     7.814362238417    44.467173980162     5.265519007392
Adsorbate-atom-position: 108 0    31.322460806883    31.376312017802    31.334059861164
Adsorbate-atom-position: 109 0    46.462621581420     6.724371643369    19.712454532019
Adsorbate-atom-position: 110 0    35.025613480437    35.365454968255     4.402414139493
Adsorbate-atom-position: 111 0    13.152643469502    41.631664719805     8.390834976981
Adsorbate-atom-position: 112 0    43.488658368473    17.776550202541    30.582516738324
Adsorbate-atom-position: 113 0    30.313324318764    17.002646227489    34.849569739710
Adsorbate-atom-velocity: 0 0    -2.791802288499     2.519867702481     1.152181621594
Adsorbate-atom-velocity: 1 0     1.655872685408    -0.723663740662     0.233003064257
Adsorbate-atom-velocity: 2 0     0.478293568021     0.621095923936    -1.581085502736
Adsorbate-atom-velocity: 3 0    -0.345520839842     1.314813484407     0.525419421159
Adsorbate-atom-velocity: 4 0     4.116700181932    -3.404493230628    -1.271630312840
Adsorbate-atom-velocity: 5 0    -2.227403215349    -1.032426029377    -0.447754251004
Adsorbate-atom-velocity: 6 0    -0.178648961801    -1.029029046161    -1.805193907682
Adsorbate-atom-velocity: 7 0     0.238547167180    -0.860935652477     0.172835948663
Adsorbate-atom-velocity: 8 0     1.641643911926     2.191762131465     1.137677822190
Adsorbate-atom-velocity: 9 0    -1.371328034736     0.870378254507    -0.306867057149
Adsorbate-atom-velocity: 10 0     0.298510297087    -2.850328890348    -0.343079040163
Adsorbate-atom-velocity: 11 0    -1.911905709717    -0.709632576195     1.066558389524
Adsorbate-atom-velocity: 12 0    -0.373229312859     1.195842394031     0.103102733343
Adsorbate-atom-velocity: 13 0     0.096442129620    -2.949757248472    -0.615930035197
Adsorbate-atom-velocity: 14 0    -0.449408903407     3.573307127763     0.170487371650
Adsorbate-atom-velocity: 15 0    -1.963101507076     0.191468554173     1.981006433105
Adsorbate-atom-velocity: 16 0    -0.886909083842    -0.244692338271    -0.697661414836
Adsorbate-atom-velocity: 17 0     0.233697597473    -1.000691324682    -0.554665411579
Adsorbate-atom-velocity: 18 0     0.208360855534     0.296833321113    -0.901172062884
Adsorbate-atom-velocity: 19 0    -1.445443114664     0.567121865155    -0.680494704686
Adsorbate-atom-velocity: 20 0    -1.380385995077     0.095626564889    -1.869007883352
Adsorbate-atom-velocity: 21 0    -0.415640222541    -1.157939930220    -0.677113707507
Adsorbate-atom-velocity: 22 0    -0.544216992309    -0.395962701300     0.073777511144
Adsorbate-atom-velocity: 23 0    -2.168970603887    -1.628173871051     2.899454717366
Adsorbate-atom-velocity: 24 0     1.827027421406     0.438542725280    -2.101853743134
Adsorbate-atom-velocity: 25 0     1.465508989513    -0.157795381309     0.109369687990
Adsorbate-atom-velocity: 26 0     0.693006871960    -0.387765540936     1.063233125475
Adsorbate-atom-velocity: 27 0     0.241665280004    -0.757689907474     1.191960468125
Adsorbate-atom-velocity: 28 0     1.262411155043     3.345807207099    -0.926275941042
Adsorbate-atom-velocity: 29 0    -0.035788352215     0.277418777274     3.643795287188
Adsorbate-atom-velocity: 30 0     0.413141605637     0.578458815271     0.927597628236
Adsorbate-atom-velocity: 31 0     0.552217990071     0.458863827010    -1.884775197798
Adsorbate-atom-velocity: 32 0     0.032262157461     0.282812599158    -0.171877509260
Adsorbate-atom-velocity: 33 0     0.768988420150     1.362253050251     1.460619320836
Adsorbate-atom-velocity: 34 0    -3.231708211081    -1.166370106269    -0.866825863032
Adsorbate-atom-velocity: 35 0    -1.428560966874    -0.654402720580    -0.700997988796
Adsorbate-atom-velocity: 36 0     0.361946302752     2.099476867450    -0.272178694874
Adsorbate-atom-velocity: 37 0    -0.755625899517     1.455726771750    -1.269953682582
Adsorbate-atom-velocity: 38 0     2.560327853485     0.711339635376     0.414784890560
Adsorbate-atom-velocity: 39 0    -0.547054516148    -1.149377159002     1.223332016348
Adsorbate-atom-velocity: 40 0    -0.644217175512     2.556391273065    -2.209734560698
Adsorbate-atom-velocity: 41 0     1.371710538269    -1.347661197229    -2.108550050563
Adsorbate-atom-velocity: 42 0     2.530982666085     0.470472782120    -0.663581548710
Adsorbate-atom-velocity: 43 0     0.917263280346     1.232297289137     2.191996834242
Adsorbate-atom-velocity: 44 0    -0.230951597672    -1.081108598442     1.454028322432
Adsorbate-atom-velocity: 45 0     1.434753097849     1.406279413000    -0.559896342418
Adsorbate-atom-velocity: 46 0    -0.557505301997    -0.027716144976     0.369490106937
Adsorbate-atom-velocity: 47 0    -1.806791190390     1.157271717545     1.233603634445
Adsorbate-atom-velocity: 48 0     1.092611524116     0.572317827518    -1.408532355994
Adsorbate-atom-velocity: 49 0     1.551781890131     1.463785892976     0.087705377394
Adsorbate-atom-velocity: 50 0     0.683265001415     2.308549314578     1.537682159610
Adsorbate-atom-velocity: 51 0    -1.581167911220    -0.911797443127    -2.876885815289
Adsorbate-atom-velocity: 52 0     2.607578284331     2.304231938173    -0.380074886244
Adsorbate-atom-velocity: 53 0     0.079546041492    -0.999405390950    -1.235751416907
Adsorbate-atom-velocity: 54 0    -0.716386767114     0.596626381449    -1.130162095988
Adsorbate-atom-velocity: 55 0     0.396095726579     0.791845564955     1.542153729906
Adsorbate-atom-velocity: 56 0     2.161355898662    -2.835956872488    -0.185970211605
Adsorbate-atom-velocity: 57 0    -1.170273952346    -1.129520025074     0.137700427433
Adsorbate-atom-velocity: 58 0     1.428048980122     0.417681849739    -1.496364157349
Adsorbate-atom-velocity: 59 0     3.072546481626     1.102769201100    -1.059302835982
Adsorbate-atom-velocity: 60 0     0.850296748030    -1.547410089835    -1.179312349641
Adsorbate-atom-velocity: 61 0     0.418829770258    -3.496369865682    -0.290825388704
Adsorbate-atom-velocity: 62 0     0.325335047504     0.586506556528    -0.544452326805
Adsorbate-atom-velocity: 63 0     1.578177521815     0.379247646525    -1.546959017463
Adsorbate-atom-velocity: 64 0     0.729771547196     0.597657489074     0.514276425582
Adsorbate-atom-velocity: 65 0     1.318248183658     1.795942004417    -0.848445323918
Adsorbate-atom-velocity: 66 0    -3.073811973352    -0.189796003742    -0.666202815641
Adsorbate-atom-velocity: 67 0     1.437190037666     0.298866597733    -2.650190033820
Adsorbate-atom-velocity: 68 0     1.515465972123    -0.971854598178     0.400121481070
Adsorbate-atom-velocity: 69 0    -0.655915337493    -0.399623249678    -0.507348442747
Adsorbate-atom-velocity: 70 0    -1.324788418250    -0.756162282723    -0.942452076888
Adsorbate-atom-velocity: 71 0     0.068070185731    -0.010302906096    -0.462944917962
Adsorbate-atom-velocity: 72 0     0.945367188282     0.145697014384     1.160248562594
Adsorbate-atom-velocity: 73 0    -1.148100913408     0.480659292259     1.687685270937
Adsorbate-atom-velocity: 74 0    -2.104677369236     1.622175787315    -0.453155978505
Adsorbate-atom-velocity: 75 0     0.630343581278     0.789293744742     3.379633024285
Adsorbate-atom-velocity: 76 0     1.052071592988     0.793944235147     1.964606244041
Adsorbate-atom-velocity: 77 0     0.732042329638     2.141397844161     0.485501408268
Adsorbate-atom-velocity: 78 0    -2.397259071939    -0.365468231505     1.548235824841
Adsorbate-atom-velocity: 79 0     3.214603030496    -0.304673757171    -0.373389384932
Adsorbate-atom-velocity: 80 0    -1.632651009300     1.999818178109     2.435084534498
Adsorbate-atom-velocity: 81 0    -0.806114563225    -1.386498375133     1.312203348679
Adsorbate-atom-velocity: 82 0    -0.929801563951     0.580260563701    -0.513375731220
Adsorbate-atom-velocity: 83 0    -1.124700034617     2.952080883233     1.772005975133
Adsorbate-atom-velocity: 84 0     0.788603977336    -0.430260436754    -1.586191910934
Adsorbate-atom-velocity: 85 0     1.722380521837     0.880939589759     0.472157811159
Adsorbate-atom-velocity: 86 0    -0.504740543990     0.127627338498     1.065487021612
Adsorbate-atom-velocity: 87 0     0.003353537340    -1.436597411881     1.332656128371
Adsorbate-atom-velocity: 88 0     1.152525057086     0.474514000560     0.416801891533
Adsorbate-atom-velocity: 89 0    -0.089587330692     2.471251911224    -1.216592160805
Adsorbate-atom-velocity: 90 0     1.553844871468     1.642108014710    -0.624128016867
Adsorbate-atom-velocity: 91 0     0.412235773997     1.710791404769     0.261360006941
Adsorbate-atom-velocity: 92 0    -3.683669244899     0.195520001489    -2.646963649933
Adsorbate-atom-velocity: 93 0    -0.721779267192     0.463103205774     0.011439497012
Adsorbate-atom-velocity: 94 0     0.228872798150     3.298817696524    -0.283818699882
Adsorbate-atom-velocity: 95 0    -0.725965223185     0.901501246927     1.029396711754
Adsorbate-atom-velocity: 96 0    -1.462161900808     1.592168250610     1.629007463596
Adsorbate-atom-velocity: 97 0    -0.136361230660     0.227888965392     0.309955921104
Adsorbate-atom-velocity: 98 0     0.856882594212    -1.082640093679     1.565207932194
Adsorbate-atom-velocity: 99 0     1.107934455697     1.320301558276    -1.354759153666
Adsorbate-atom-velocity: 100 0     2.111721836891     0.474945054396     0.633983190919
Adsorbate-atom-velocity: 101 0     0.200580649360    -0.549157697841    -0.572793714079
Adsorbate-atom-velocity: 102 0     1.820286057541     0.886644369271     1.007382847645
Adsorbate-atom-velocity: 103 0     1.589310433498     0.895466211623    -2.049364768624
Adsorbate-atom-velocity: 104 0     2.891365583048     3.191894491821     0.137761606188
Adsorbate-atom-velocity: 105 0    -0.600803556294    -1.274697499141     1.035183646704
Adsorbate-atom-velocity: 106 0     2.786089443903     0.890318143003     1.244912538649
Adsorbate-atom-velocity: 107 0     0.486925328062     2.631366382762     1.498145540160
Adsorbate-atom-velocity: 108 0    -1.525226083862     2.183791790964     3.060241877243
Adsorbate-atom-velocity: 109 0    -0.155734119490     0.290955012836    -0.759805607768
Adsorbate-atom-velocity: 110 0     1.298487752707    -2.084171488593     1.037936604256
Adsorbate-atom-velocity: 111 0     1.215807897635     0.200120762813    -1.370524423258
Adsorbate-atom-velocity: 112 0     0.324357440125    -1.958321962572     1.657599189011
Adsorbate-atom-velocity: 113 0    -0.216118527056     2.710508638988    -1.237531637228
Adsorbate-atom-force:    0 0   181.738066946472  -314.958428388961  -105.488703260619
Adsorbate-atom-force:    1 0   -64.980819675163  -156.567730845761   239.374032305847
Adsorbate-atom-force:    2 0   -91.104573755206  -208.553577050618   273.463300802190
Adsorbate-atom-force:    3 0    24.023855375444    37.494805485749   -24.835676475537
Adsorbate-atom-force:    4 0   135.148197381374  -300.816601239520   136.691943451909
Adsorbate-atom-force:    5 0    33.328842023955   -58.542160366455   -77.676870484288
Adsorbate-atom-force:    6 0  -421.488195003678   673.841639299454  -235.033242014752
Adsorbate-atom-force:    7 0    81.519455459557    16.712892617767   302.361821935948
Adsorbate-atom-force:    8 0     1.694075966306    -4.488647134231     0.412676801836
Adsorbate-atom-force:    9 0   159.776594436374  -584.006571994739  -315.806940222143
Adsorbate-atom-force:    10 0   260.964122678228  -402.344531614079   796.198848208180
Adsorbate-atom-force:    11 0   -62.369005917318  -196.610934719005  -195.902537223001
Adsorbate-atom-force:    12 0  -397.298197003624   797.375628828523   286.569050554702
Adsorbate-atom-force:    13 0    60.396624577732   -35.832702414836   -44.317534031058
Adsorbate-atom-force:    14 0   -82.710965199704    71.760068759412  -108.404302156975
Adsorbate-atom-force:    15 0    90.756244129546   126.853571793019    -3.808294647015
Adsorbate-atom-force:    16 0   227.048227032279   -83.769318738588  -144.634200452953
Adsorbate-atom-force:    17 0  -227.554240628366    41.836683641153   290.212654038050
Adsorbate-atom-force:    18 0    96.152557972966   103.137038093172    95.497185625091
Adsorbate-atom-force:    19 0   -34.492649035310   -67.838113916605    38.347631107459
Adsorbate-atom-force:    20 0    49.345915476490    93.305008895206   178.370348363399
Adsorbate-atom-force:    21 0    -9.745912267201    -5.350505108710   -14.326596013478
Adsorbate-atom-force:    22 0  -116.375651016722   155.373078168548   136.180663395965
Adsorbate-atom-force:    23 0   378.415725320327   203.949781439688    32.667563778586
Adsorbate-atom-force:    24 0   -67.707840865687  -154.774799339059  -101.460941784166
Adsorbate-atom-force:    25 0   -11.010147299235  -377.702311452482   -77.442205995063
Adsorbate-atom-force:    26 0   238.391745391557   169.493413030376    48.836786283789
Adsorbate-atom-force:    27 0   403.342846110389  -140.678925777534   -31.470309475851
Adsorbate-atom-force:    28 0     1.682691219046    -9.638966274035   -21.507249370891
Adsorbate-atom-force:    29 0   -85.484922566741    88.965030444176   197.508289940055
Adsorbate-atom-force:    30 0   -52.249524672909   164.652483715796   228.687482892554
Adsorbate-atom-force:    31 0   -76.567500533596     3.590580802440     6.672674645319
Adsorbate-atom-force:    32 0     7.363493243847   -14.044172741348   -88.382502603306
Adsorbate-atom-force:    33 0    14.920583508648    65.423040409925  -144.852590511811
Adsorbate-atom-force:    34 0  -548.264923775095   150.860554367031  -364.965893273772
Adsorbate-atom-force:    35 0    -6.034897583550  -242.084156752424   -34.450703536513
Adsorbate-atom-force:    36 0   117.943074029522   145.729985729162   226.416281941710
Adsorbate-atom-force:    37 0   366.772893483458    96.584895691377  -201.602000081022
Adsorbate-atom-force:    38 0   190.679267893706   154.409785263793  -149.704119863733
Adsorbate-atom-force:    39 0  -419.255979108228  -298.914774039192  -896.643996648538
Adsorbate-atom-force:    40 0  -474.790562832099   -60.050205777748   505.807277817083
Adsorbate-atom-force:    41 0    35.030475519493   -27.974046813246   -20.341354717321
Adsorbate-atom-force:    42 0    36.627131537567   -40.934560583283   -11.914526754818
Adsorbate-atom-force:    43 0   107.864684973420   163.158661219033   -65.242541980396
Adsorbate-atom-force:    44 0  -209.350307107414   190.136639939371  -119.360890766363
Adsorbate-atom-force:    45 0  -145.981585560132  -103.301687001844  -132.465090420205
Adsorbate-atom-force:    46 0  -144.291188997064   -66.504133051693  -308.791082228945
Adsorbate-atom-force:    47 0   198.219207402835     0.094139703902    -0.326380364302
Adsorbate-atom-force:    48 0  -567.373358704868  -123.977707838506  -323.059347917448
Adsorbate-atom-force:    49 0  -546.672666796350   244.526764046404   353.108544290630
Adsorbate-atom-force:    50 0   -43.239003534346    69.705199019675   -65.516636436987
Adsorbate-atom-force:    51 0   384.356673451727   477.634257985959  -336.471804507610
Adsorbate-atom-force:    52 0  -446.121628398549  -864.495393425238   279.781395209045
Adsorbate-atom-force:    53 0   363.636888184855  -365.908657186652  -347.688761330442
Adsorbate-atom-force:    54 0  -161.282314767349   -10.393960592695   -55.501559070097
Adsorbate-atom-force:    55 0   290.846987511832    76.427021660192  -264.932676734303
Adsorbate-atom-force:    56 0   506.717760708012  -193.294621760875   151.516435602031
Adsorbate-atom-force:    57 0    78.920242029772    45.374128369992   -34.002435093393
Adsorbate-atom-force:    58 0  -382.980540479785     3.022684484453  -153.760371265674
Adsorbate-atom-force:    59 0  -521.530523642111   175.736673093295  -641.038892873689
Adsorbate-atom-force:    60 0  1106.725107918300  -258.771484946678  -255.313119310906
Adsorbate-atom-force:    61 0   167.199045443928  -480.038598165064  -486.277235365560
Adsorbate-atom-force:    62 0  -102.959884931353   -29.169062121466  -229.311371754541
Adsorbate-atom-force:    63 0   364.111651878633  -310.932807297254   269.328704354011
Adsorbate-atom-force:    64 0  -163.491193459249  -148.801541539006   128.690094743385
Adsorbate-atom-force:    65 0   554.688293280593   267.168101723120  -114.717676398005
Adsorbate-atom-force:    66 0   195.534557049203  -485.400106734789   278.036327492480
Adsorbate-atom-force:    67 0   160.914641792010   303.362770564732   -30.317762394013
Adsorbate-atom-force:    68 0   280.259008540448   482.507958446278   294.979018738535
Adsorbate-atom-force:    69 0   258.648013064314  -193.821393763965  -729.871562499176
Adsorbate-atom-force:    70 0  -471.279919270642  -120.273935943880  -623.964581768212
Adsorbate-atom-force:    71 0   414.443883296585  -447.403217360049  -482.622316755934
Adsorbate-atom-force:    72 0  -646.605324229101  -384.500236614751   160.574858994005
Adsorbate-atom-force:    73 0   327.860451937493   294.877856232760  -409.683793596923
Adsorbate-atom-force:    74 0   -12.730859955714    13.977279328034  -214.711025567594
Adsorbate-atom-force:    75 0    26.285985743637   191.593151052703   157.820218675002
Adsorbate-atom-force:    76 0    31.450161886065    18.615911617586   -93.070330996737
Adsorbate-atom-force:    77 0    -3.313267959417   -59.635721556298     5.645657863165
Adsorbate-atom-force:    78 0   486.546197537893   455.323549848452     8.094157185381
Adsorbate-atom-force:    79 0  -343.882395720333   373.184920658286  -372.666430071394
Adsorbate-atom-force:    80 0    20.810892877253    41.433122807932    39.573022267248
Adsorbate-atom-force:    81 0   -40.210612154861     4.246291372433     9.577435291943
Adsorbate-atom-force:    82 0   187.396844127584   172.868601052645   254.758585766274
Adsorbate-atom-force:    83 0    55.099749032491   -78.415501155727   -54.821442130733
Adsorbate-atom-force:    84 0   -37.083620001331  -214.569037206968  -166.365761400014
Adsorbate-atom-force:    85 0    39.107638145233   -58.754683029276   328.991816435589
Adsorbate-atom-force:    86 0    58.460182839721    49.504006609728    94.620787122074
Adsorbate-atom-force:    87 0  -114.090705005386   100.163524643355  -161.982733604599
Adsorbate-atom-force:    88 0  -388.852280920848   -23.155908683380  -868.340799122476
Adsorbate-atom-force:    89 0  -138.128144205102   -95.597980984886    18.744369157692
Adsorbate-atom-force:    90 0   -11.132515439663   252.628135964330  -152.721175841808
Adsorbate-atom-force:    91 0  -251.106809857296    -1.796459326597  -137.932715820559
Adsorbate-atom-force:    92 0  -483.658391628874   456.748722314413  -335.187687755816
Adsorbate-atom-force:    93 0    13.477970500338  -269.054949080489    57.461819053406
Adsorbate-atom-force:    94 0   113.088758930722   184.704093172737  -166.967227475194
Adsorbate-atom-force:    95 0   -29.732731201094     8.011822618066   -38.043292042428
Adsorbate-atom-force:    96 0   732.993494539497   354.954611863847  -433.187925139985
Adsorbate-atom-force:    97 0   -92.198159417460   -88.280153285908  -130.708777031701
Adsorbate-atom-force:    98 0    73.456653440414   247.755942859818   167.937424896434
Adsorbate-atom-force:    99 0   148.490721007714  -153.389042099581   138.940465926273
Adsorbate-atom-force:    100 0   152.400721908816  -152.099023249475    27.132126308760
Adsorbate-atom-force:    101 0    31.217147540324   -18.360005265326   -60.071104689178
Adsorbate-atom-force:    102 0  -266.285655876038   323.725678800092  -285.807718966582
Adsorbate-atom-force:    103 0    13.428496477776   383.152295935334   138.222449528243
Adsorbate-atom-force:    104 0   315.575925493571  -527.668395221452  -116.020092750912
Adsorbate-atom-force:    105 0   162.709630597355  -156.737027170438   203.267393156991
Adsorbate-atom-force:    106 0   770.355451905119   858.937168173501  -331.724473905613
Adsorbate-atom-force:    107 0   503.122265806183   671.952370626513    52.978385708760
Adsorbate-atom-force:    108 0  -180.516490970988  -328.736455327624  -403.230036636427
Adsorbate-atom-force:    109 0    11.018835282099     3.091618163777   -19.190212323615
Adsorbate-atom-force:    110 0   137.474818610883  -297.562881841099    19.116171996189
Adsorbate-atom-force:    111 0    26.412028868716  -325.812272738807   122.101746348458
Adsorbate-atom-force:    112 0   435.425639352192  -727.659638710623   219.076267068530
Adsorbate-atom-force:    113 0   291.400394764978   425.206283711936  1492.593363628018
Adsorbate-atom-charge:   0 0     0.000000000000
Adsorbate-atom-charge:   1 0     0.000000000000
Adsorbate-atom-charge:   2 0     0.000000000000
Adsorbate-atom-charge:   3 0     0.000000000000
Adsorbate-atom-charge:   4 0     0.000000000000
Adsorbate-atom-charge:   5 0     0.000000000000
Adsorbate-atom-charge:   6 0     0.000000000000
Adsorbate-atom-charge:   7 0     0.000000000000
Adsorbate-atom-charge:   8 0     0.000000000000
Adsorbate-atom-charge:   9 0     0.000000000000
Adsorbate-atom-charge:   10 0     0.000000000000
Adsorbate-atom-charge:   11 0     0.000000000000
Adsorbate-atom-charge:   12 0     0.000000000000
Adsorbate-atom-charge:   13 0     0.000000000000
Adsorbate-atom-charge:   14 0     0.000000000000
Adsorbate-atom-charge:   15 0     0.000000000000
Adsorbate-atom-charge:   16 0     0.000000000000
Adsorbate-atom-charge:   17 0     0.000000000000
Adsorbate-atom-charge:   18 0     0.000000000000
Adsorbate-atom-charge:   19 0     0.000000000000
Adsorbate-atom-charge:   20 0     0.000000000000
Adsorbate-atom-charge:   21 0     0.000000000000
Adsorbate-atom-charge:   22 0     0.000000000000
Adsorbate-atom-charge:   23 0     0.000000000000
Adsorbate-atom-charge:   24 0     0.000000000000
Adsorbate-atom-charge:   25 0     0.000000000000
Adsorbate-atom-charge:   26 0     0.000000000000
Adsorbate-atom-charge:   27 0     0.000000000000
Adsorbate-atom-charge:   28 0     0.000000000000
Adsorbate-atom-charge:   29 0     0.000000000000
Adsorbate-atom-charge:   30 0     0.000000000000
Adsorbate-atom-charge:   31 0     0.000000000000
Adsorbate-atom-charge:   32 0     0.000000000000
Adsorbate-atom-charge:   33 0     0.000000000000
Adsorbate-atom-charge:   34 0     0.000000000000
Adsorbate-atom-charge:   35 0     0.000000000000
Adsorbate-atom-charge:   36 0     0.000000000000
Adsorbate-atom-charge:   37 0     0.000000000000
Adsorbate-atom-charge:   38 0     0.000000000000
Adsorbate-atom-charge:   39 0     0.000000000000
Adsorbate-atom-charge:   40 0     0.000000000000
Adsorbate-atom-charge:   41 0     0.000000000000
Adsorbate-atom-charge:   42 0     0.000000000000
Adsorbate-atom-charge:   43 0     0.000000000000
Adsorbate-atom-charge:   44 0     0.000000000000
Adsorbate-atom-charge:   45 0     0.000000000000
Adsorbate-atom-charge:   46 0     0.000000000000
Adsorbate-atom-charge:   47 0     0.000000000000
Adsorbate-atom-charge:   48 0     0.000000000000
Adsorbate-atom-charge:   49 0     0.000000000000
Adsorbate-atom-charge:   50 0     0.000000000000
Adsorbate-atom-charge:   51 0     0.000000000000
Adsorbate-atom-charge:   52 0     0.000000000000
Adsorbate-atom-charge:   53 0     0.000000000000
Adsorbate-atom-charge:   54 0     0.000000000000
Adsorbate-atom-charge:   55 0     0.000000000000
Adsorbate-atom-charge:   56 0     0.000000000000
Adsorbate-atom-charge:   57 0     0.000000000000
Adsorbate-atom-charge:   58 0     0.000000000000
Adsorbate-atom-charge:   59 0     0.000000000000
Adsorbate-atom-charge:   60 0     0.000000000000
Adsorbate-atom-charge:   61 0     0.000000000000
Adsorbate-atom-charge:   62 0     0.000000000000
Adsorbate-atom-charge:   63 0     0.000000000000
Adsorbate-atom-charge:   64 0     0.000000000000
Adsorbate-atom-charge:   65 0     0.000000000000
Adsorbate-atom-charge:   66 0     0.000000000000
Adsorbate-atom-charge:   67 0     0.000000000000
Adsorbate-atom-charge:   68 0     0.000000000000
Adsorbate-atom-charge:   69 0     0.000000000000
Adsorbate-atom-charge:   70 0     0.000000000000
Adsorbate-atom-charge:   71 0     0.000000000000
Adsorbate-atom-charge:   72 0     0.000000000000
Adsorbate-atom-charge:   73 0     0.000000000000
Adsorbate-atom-charge:   74 0     0.000000000000
Adsorbate-atom-charge:   75 0     0.000000000000
Adsorbate-atom-charge:   76 0     0.000000000000
Adsorbate-atom-charge:   77 0     0.000000000000
Adsorbate-atom-charge:   78 0     0.000000000000
Adsorbate-atom-charge:   79 0     0.000000000000
Adsorbate-atom-charge:   80 0     0.000000000000
Adsorbate-atom-charge:   81 0     0.000000000000
Adsorbate-atom-charge:   82 0     0.000000000000
Adsorbate-atom-charge:   83 0     0.000000000000
Adsorbate-atom-charge:   84 0     0.000000000000
Adsorbate-atom-charge:   85 0     0.000000000000
Adsorbate-atom-charge:   86 0     0.000000000000
Adsorbate-atom-charge:   87 0     0.000000000000
Adsorbate-atom-charge:   88 0     0.000000000000
Adsorbate-atom-charge:   89 0     0.000000000000
Adsorbate-atom-charge:   90 0     0.000000000000
Adsorbate-atom-charge:   91 0     0.000000000000
Adsorbate-atom-charge:   92 0     0.000000000000
Adsorbate-atom-charge:   93 0     0.000000000000
Adsorbate-atom-charge:   94 0     0.000000000000
Adsorbate-atom-charge:   95 0     0.000000000000
Adsorbate-atom-charge:   96 0     0.000000000000
Adsorbate-atom-charge:   97 0     0.000000000000
Adsorbate-atom-charge:   98 0     0.000000000000
Adsorbate-atom-charge:   99 0     0.000000000000
Adsorbate-atom-charge:   100 0     0.000000000000
Adsorbate-atom-charge:   101 0     0.000000000000
Adsorbate-atom-charge:   102 0     0.000000000000
Adsorbate-atom-charge:   103 0     0.000000000000
Adsorbate-atom-charge:   104 0     0.000000000000
Adsorbate-atom-charge:   105 0     0.000000000000
Adsorbate-atom-charge:   106 0     0.000000000000
Adsorbate-atom-charge:   107 0     0.000000000000
Adsorbate-atom-charge:   108 0     0.000000000000
Adsorbate-atom-charge:   109 0     0.000000000000
Adsorbate-atom-charge:   110 0     0.000000000000
Adsorbate-atom-charge:   111 0     0.000000000000
Adsorbate-atom-charge:   112 0     0.000000000000
Adsorbate-atom-charge:   113 0     0.000000000000
Adsorbate-atom-scaling:  0 0     1.000000000000
Adsorbate-atom-scaling:  1 0     1.000000000000
Adsorbate-atom-scaling:  2 0     1.000000000000
Adsorbate-atom-scaling:  3 0     1.000000000000
Adsorbate-atom-scaling:  4 0     1.000000000000
Adsorbate-atom-scaling:  5 0     1.000000000000
Adsorbate-atom-scaling:  6 0     1.000000000000
Adsorbate-atom-scaling:  7 0     1.000000000000
Adsorbate-atom-scaling:  8 0     1.000000000000
Adsorbate-atom-scaling:  9 0     1.000000000000
Adsorbate-atom-scaling:  10 0     1.000000000000
Adsorbate-atom-scaling:  11 0     1.000000000000
Adsorbate-atom-scaling:  12 0     1.000000000000
Adsorbate-atom-scaling:  13 0     1.000000000000
Adsorbate-atom-scaling:  14 0     1.000000000000
Adsorbate-atom-scaling:  15 0     1.000000000000
Adsorbate-atom-scaling:  16 0     1.000000000000
Adsorbate-atom-scaling:  17 0     1.000000000000
Adsorbate-atom-scaling:  18 0     1.000000000000
Adsorbate-atom-scaling:  19 0     1.000000000000
Adsorbate-atom-scaling:  20 0     1.000000000000
Adsorbate-atom-scaling:  21 0     1.000000000000
Adsorbate-atom-scaling:  22 0     1.000000000000
Adsorbate-atom-scaling:  23 0     1.000000000000
Adsorbate-atom-scaling:  24 0     1.000000000000
Adsorbate-atom-scaling:  25 0     1.000000000000
Adsorbate-atom-scaling:  26 0     1.000000000000
Adsorbate-atom-scaling:  27 0     1.000000000000
Adsorbate-atom-scaling:  28 0     1.000000000000
Adsorbate-atom-scaling:  29 0     1.000000000000
Adsorbate-atom-scaling:  30 0     1.000000000000
Adsorbate-atom-scaling:  31 0     1.000000000000
Adsorbate-atom-scaling:  32 0     1.000000000000
Adsorbate-atom-scaling:  33 0     1.000000000000
Adsorbate-atom-scaling:  34 0     1.000000000000
Adsorbate-atom-scaling:  35 0     1.000000000000
Adsorbate-atom-scaling:  36 0     1.000000000000
Adsorbate-atom-scaling:  37 0     1.000000000000
Adsorbate-atom-scaling:  38 0     1.000000000000
Adsorbate-atom-scaling:  39 0     1.000000000000
Adsorbate-atom-scaling:  40 0     1.000000000000
Adsorbate-atom-scaling:  41 0     1.000000000000
Adsorbate-atom-scaling:  42 0     1.000000000000
Adsorbate-atom-scaling:  43 0     1.000000000000
Adsorbate-atom-scaling:  44 0     1.000000000000
Adsorbate-atom-scaling:  45 0     1.000000000000
Adsorbate-atom-scaling:  46 0     1.000000000000
Adsorbate-atom-scaling:  47 0     1.000000000000
Adsorbate-atom-scaling:  48 0     1.000000000000
Adsorbate-atom-scaling:  49 0     1.000000000000
Adsorbate-atom-scaling:  50 0     1.000000000000
Adsorbate-atom-scaling:  51 0     1.000000000000
Adsorbate-atom-scaling:  52 0     1.000000000000
Adsorbate-atom-scaling:  53 0     1.000000000000
Adsorbate-atom-scaling:  54 0     1.000000000000
Adsorbate-atom-scaling:  55 0     1.000000000000
Adsorbate-atom-scaling:  56 0     1.000000000000
Adsorbate-atom-scaling:  57 0     1.000000000000
Adsorbate-atom-scaling:  58 0     1.000000000000
Adsorbate-atom-scaling:  59 0     1.000000000000
Adsorbate-atom-scaling:  60 0     1.000000000000
Adsorbate-atom-scaling:  61 0     1.000000000000
Adsorbate-atom-scaling:  62 0     1.000000000000
Adsorbate-atom-scaling:  63 0     1.000000000000
Adsorbate-atom-scaling:  64 0     1.000000000000
Adsorbate-atom-scaling:  65 0     1.000000000000
Adsorbate-atom-scaling:  66 0     1.000000000000
Adsorbate-atom-scaling:  67 0     1.000000000000
Adsorbate-atom-scaling:  68 0     1.000000000000
Adsorbate-atom-scaling:  69 0     1.000000000000
Adsorbate-atom-scaling:  70 0     1.000000000000
Adsorbate-atom-scaling:  71 0     1.000000000000
Adsorbate-atom-scaling:  72 0     1.000000000000
Adsorbate-atom-scaling:  73 0     1.000000000000
Adsorbate-atom-scaling:  74 0     1.000000000000
Adsorbate-atom-scaling:  75 0     1.000000000000
Adsorbate-atom-scaling:  76 0     1.000000000000
Adsorbate-atom-scaling:  77 0     1.000000000000
Adsorbate-atom-scaling:  78 0     1.000000000000
Adsorbate-atom-scaling:  79 0     1.000000000000
Adsorbate-atom-scaling:  80 0     1.000000000000
Adsorbate-atom-scaling:  81 0     1.000000000000
Adsorbate-atom-scaling:  82 0     1.000000000000
Adsorbate-atom-scaling:  83 0     1.000000000000
Adsorbate-atom-scaling:  84 0     1.000000000000
Adsorbate-atom-scaling:  85 0     1.000000000000
Adsorbate-atom-scaling:  86 0     1.000000000000
Adsorbate-atom-scaling:  87 0     1.000000000000
Adsorbate-atom-scaling:  88 0     1.000000000000
Adsorbate-atom-scaling:  89 0     1.000000000000
Adsorbate-atom-scaling:  90 0     1.000000000000
Adsorbate-atom-scaling:  91 0     1.000000000000
Adsorbate-atom-scaling:  92 0     1.000000000000
Adsorbate-atom-scaling:  93 0     1.000000000000
Adsorbate-atom-scaling:  94 0     1.000000000000
Adsorbate-atom-scaling:  95 0     1.000000000000
Adsorbate-atom-scaling:  96 0     1.000000000000
Adsorbate-atom-scaling:  97 0     1.000000000000
Adsorbate-atom-scaling:  98 0     1.000000000000
Adsorbate-atom-scaling:  99 0     1.000000000000
Adsorbate-atom-scaling:  100 0     1.000000000000
Adsorbate-atom-scaling:  101 0     1.000000000000
Adsorbate-atom-scaling:  102 0     1.000000000000
Adsorbate-atom-scaling:  103 0     1.000000000000
Adsorbate-atom-scaling:  104 0     1.000000000000
Adsorbate-atom-scaling:  105 0     1.000000000000
Adsorbate-atom-scaling:  106 0     1.000000000000
Adsorbate-atom-scaling:  107 0     1.000000000000
Adsorbate-atom-scaling:  108 0     1.000000000000
Adsorbate-atom-scaling:  109 0     1.000000000000
Adsorbate-atom-scaling:  110 0     1.000000000000
Adsorbate-atom-scaling:  111 0     1.000000000000
Adsorbate-atom-scaling:  112 0     1.000000000000
Adsorbate-atom-scaling:  113 0     1.000000000000
Adsorbate-atom-fixed:    0 0       0 0 0
Adsorbate-atom-fixed:    1 0       0 0 0
Adsorbate-atom-fixed:    2 0       0 0 0
Adsorbate-atom-fixed:    3 0       0 0 0
Adsorbate-atom-fixed:    4 0       0 0 0
Adsorbate-atom-fixed:    5 0       0 0 0
Adsorbate-atom-fixed:    6 0       0 0 0
Adsorbate-atom-fixed:    7 0       0 0 0
Adsorbate-atom-fixed:    8 0       0 0 0
Adsorbate-atom-fixed:    9 0       0 0 0
Adsorbate-atom-fixed:    10 0       0 0 0
Adsorbate-atom-fixed:    11 0       0 0 0
Adsorbate-atom-fixed:    12 0       0 0 0
Adsorbate-atom-fixed:    13 0       0 0 0
Adsorbate-atom-fixed:    14 0       0 0 0
Adsorbate-atom-fixed:    15 0       0 0 0
Adsorbate-atom-fixed:    16 0       0 0 0
Adsorbate-atom-fixed:    17 0       0 0 0
Adsorbate-atom-fixed:    18 0       0 0 0
Adsorbate-atom-fixed:    19 0       0 0 0
Adsorbate-atom-fixed:    20 0       0 0 0
Adsorbate-atom-fixed:    21 0       0 0 0
Adsorbate-atom-fixed:    22 0       0 0 0
Adsorbate-atom-fixed:    23 0       0 0 0
Adsorbate-atom-fixed:    24 0       0 0 0
Adsorbate-atom-fixed:    25 0       0 0 0
Adsorbate-atom-fixed:    26 0       0 0 0
Adsorbate-atom-fixed:    27 0       0 0 0
Adsorbate-atom-fixed:    28 0       0 0 0
Adsorbate-atom-fixed:    29 0       0 0 0
Adsorbate-atom-fixed:    30 0       0 0 0
Adsorbate-atom-fixed:    31 0       0 0 0
Adsorbate-atom-fixed:    32 0       0 0 0
Adsorbate-atom-fixed:    33 0       0 0 0
Adsorbate-atom-fixed:    34 0       0 0 0
Adsorbate-atom-fixed:    35 0       0 0 0
Adsorbate-atom-fixed:    36 0       0 0 0
Adsorbate-atom-fixed:    37 0       0 0 0
Adsorbate-atom-fixed:    38 0       0 0 0
Adsorbate-atom-fixed:    39 0       0 0 0
Adsorbate-atom-fixed:    40 0       0 0 0
Adsorbate-atom-fixed:    41 0       0 0 0
Adsorbate-atom-fixed:    42 0       0 0 0
Adsorbate-atom-fixed:    43 0       0 0 0
Adsorbate-atom-fixed:    44 0       0 0 0
Adsorbate-atom-fixed:    45 0       0 0 0
Adsorbate-atom-fixed:    46 0       0 0 0
Adsorbate-atom-fixed:    47 0       0 0 0
Adsorbate-atom-fixed:    48 0       0 0 0
Adsorbate-atom-fixed:    49 0       0 0 0
Adsorbate-atom-fixed:    50 0       0 0 0
Adsorbate-atom-fixed:    51 0       0 0 0
Adsorbate-atom-fixed:    52 0       0 0 0
Adsorbate-atom-fixed:    53 0       0 0 0
Adsorbate-atom-fixed:    54 0       0 0 0
Adsorbate-atom-fixed:    55 0       0 0 0
Adsorbate-atom-fixed:    56 0       0 0 0
Adsorbate-atom-fixed:    57 0       0 0 0
Adsorbate-atom-fixed:    58 0       0 0 0
Adsorbate-atom-fixed:    59 0       0 0 0
Adsorbate-atom-fixed:    60 0       0 0 0
Adsorbate-atom-fixed:    61 0       0 0 0
Adsorbate-atom-fixed:    62 0       0 0 0
Adsorbate-atom-fixed:    63 0       0 0 0
Adsorbate-atom-fixed:    64 0       0 0 0
Adsorbate-atom-fixed:    65 0       0 0 0
Adsorbate-atom-fixed:    66 0       0 0 0
Adsorbate-atom-fixed:    67 0       0 0 0
Adsorbate-atom-fixed:    68 0       0 0 0
Adsorbate-atom-fixed:    69 0       0 0 0
Adsorbate-atom-fixed:    70 0       0 0 0
Adsorbate-atom-fixed:    71 0       0 0 0
Adsorbate-atom-fixed:    72 0       0 0 0
Adsorbate-atom-fixed:    73 0       0 0 0
Adsorbate-atom-fixed:    74 0       0 0 0
Adsorbate-atom-fixed:    75 0       0 0 0
Adsorbate-atom-fixed:    76 0       0 0 0
Adsorbate-atom-fixed:    77 0       0 0 0
Adsorbate-atom-fixed:    78 0       0 0 0
Adsorbate-atom-fixed:    79 0       0 0 0
Adsorbate-atom-fixed:    80 0       0 0 0
Adsorbate-atom-fixed:    81 0       0 0 0
Adsorbate-atom-fixed:    82 0       0 0 0
Adsorbate-atom-fixed:    83 0       0 0 0
Adsorbate-atom-fixed:    84 0       0 0 0
Adsorbate-atom-fixed:    85 0       0 0 0
Adsorbate-atom-fixed:    86 0       0 0 0
Adsorbate-atom-fixed:    87 0       0 0 0
Adsorbate-atom-fixed:    88 0       0 0 0
Adsorbate-atom-fixed:    89 0       0 0 0
Adsorbate-atom-fixed:    90 0       0 0 0
Adsorbate-atom-fixed:    91 0       0 0 0
Adsorbate-atom-fixed:    92 0       0 0 0
Adsorbate-atom-fixed:    93 0       0 0 0
Adsorbate-atom-fixed:    94 0       0 0 0
Adsorbate-atom-fixed:    95 0       0 0 0
Adsorbate-atom-fixed:    96 0       0 0 0
Adsorbate-atom-fixed:    97 0       0 0 0
Adsorbate-atom-fixed:    98 0       0 0 0
Adsorbate-atom-fixed:    99 0       0 0 0
Adsorbate-atom-fixed:    100 0       0 0 0
Adsorbate-atom-fixed:    101 0       0 0 0
Adsorbate-atom-fixed:    102 0       0 0 0
Adsorbate-atom-fixed:    103 0       0 0 0
Adsorbate-atom-fixed:    104 0       0 0 0
Adsorbate-atom-fixed:    105 0       0 0 0
Adsorbate-atom-fixed:    106 0       0 0 0
Adsorbate-atom-fixed:    107 0       0 0 0
Adsorbate-atom-fixed:    108 0       0 0 0
Adsorbate-atom-fixed:    109 0       0 0 0
Adsorbate-atom-fixed:    110 0       0 0 0
Adsorbate-atom-fixed:    111 0       0 0 0
Adsorbate-atom-fixed:    112 0       0 0 0
Adsorbate-atom-fixed:    113 0       0 0 0


